Spherically Symmetric Scalar Field in double-Null coordinates
iter 0   time 10 sec   |res| 9.93844170297569e-2   |res5| 9.93844170297569e-2
iter 1   time 51 sec   |res| 1.6709454386595162e-5   |res5| 1.670951302539716e-5
iter 2   time 61 sec   |res| 6.02777283846702e-7   |res5| 6.02777283846702e-7
iter 3   time 73 sec   |res| 6.047160248101591e-7   |res5| 6.047160248101591e-7
iter 4   time 84 sec   |res| 6.03461534964822e-7   |res5| 6.03461534964822e-7
iter 5   time 94 sec   |res| 6.038884556858193e-7   |res5| 6.038884556858193e-7
var.g Grid {getGrid = [0.9999996634,0.9999996986,0.99999979,0.9999999075,1.0000000206,1.0000001128,1.000000185,1.0000002493,1.0000003125,1.0000003669,1.0000003829,1.0000003285,1.0000001832,0.9999999618,0.9999997144,0.9999995163,0.9999994379,0.9999996986,0.9999997331,0.9999998225,0.9999999372,1.0000000469,1.0000001361,1.0000002058,1.0000002687,1.0000003318,1.0000003865,1.0000004043,1.0000003514,1.0000002083,0.9999999884,0.9999997426,0.9999995455,0.9999994675,0.99999979,0.9999998225,0.9999999064,1.0000000133,1.0000001143,1.0000001952,1.0000002586,1.0000003178,1.0000003801,1.0000004371,1.0000004587,1.0000004111,1.0000002731,1.0000000582,0.9999998162,0.9999996218,0.9999995447,0.9999999075,0.9999999372,1.0000000133,1.0000001089,1.0000001973,1.0000002665,1.0000003209,1.0000003751,1.000000437,1.0000004968,1.0000005245,1.0000004837,1.0000003531,1.0000001444,0.9999999076,0.9999997165,0.9999996405,1.0000000206,1.0000000469,1.0000001143,1.0000001973,1.0000002722,1.0000003287,1.0000003742,1.0000004238,1.0000004857,1.0000005498,1.0000005837,1.0000005504,1.0000004264,1.0000002236,0.999999991,0.9999998027,0.9999997276,1.0000001128,1.0000001361,1.0000001952,1.0000002665,1.0000003287,1.0000003746,1.0000004127,1.0000004592,1.0000005226,1.0000005904,1.0000006301,1.0000006015,1.0000004817,1.000000281,1.0000000499,0.9999998622,0.9999997874,1.000000185,1.0000002058,1.0000002586,1.0000003209,1.0000003742,1.0000004127,1.0000004467,1.0000004925,1.0000005573,1.0000006283,1.0000006698,1.0000006417,1.0000005193,1.0000003152,1.0000000801,0.9999998896,0.9999998139,1.0000002493,1.0000002687,1.0000003178,1.0000003751,1.0000004238,1.0000004592,1.0000004925,1.0000005388,1.000000605,1.000000675,1.0000007133,1.0000006769,1.0000005438,1.0000003268,1.0000000804,0.9999998821,0.9999998036,1.0000003125,1.0000003318,1.0000003801,1.000000437,1.0000004857,1.0000005226,1.0000005573,1.000000605,1.000000669,1.0000007332,1.0000007588,1.0000007047,1.0000005487,1.0000003083,1.0000000412,0.999999829,0.9999997459,1.0000003669,1.0000003865,1.0000004371,1.0000004968,1.0000005498,1.0000005904,1.0000006283,1.000000675,1.0000007332,1.000000783,1.0000007866,1.0000007022,1.0000005115,1.0000002354,0.9999999381,0.9999997056,0.9999996155,1.0000003829,1.0000004043,1.0000004587,1.0000005245,1.0000005837,1.0000006301,1.0000006698,1.0000007133,1.0000007588,1.0000007866,1.0000007571,1.0000006314,1.0000003938,1.0000000718,0.9999997351,0.9999994765,0.9999993777,1.0000003285,1.0000003514,1.0000004111,1.0000004837,1.0000005504,1.0000006015,1.0000006417,1.0000006769,1.0000007047,1.0000007022,1.0000006314,1.0000004552,1.0000001625,0.9999997866,0.9999994048,0.9999991161,0.9999990071,1.0000001832,1.0000002083,1.0000002731,1.0000003531,1.0000004264,1.0000004817,1.0000005193,1.0000005438,1.0000005487,1.0000005115,1.0000003938,1.0000001625,0.999999811,0.9999993787,0.9999989494,0.9999986292,0.9999985096,0.9999999618,0.9999999884,1.0000000582,1.0000001444,1.0000002236,1.000000281,1.0000003152,1.0000003268,1.0000003083,1.0000002354,1.0000000718,0.9999997866,0.9999993787,0.9999988932,0.9999984196,0.9999980699,0.9999979405,0.9999997144,0.9999997426,0.9999998162,0.9999999076,0.999999991,1.0000000499,1.0000000801,1.0000000804,1.0000000412,0.9999999381,0.9999997351,0.9999994048,0.9999989494,0.9999984196,0.9999979094,0.9999975355,0.9999973979,0.9999995163,0.9999995455,0.9999996218,0.9999997165,0.9999998027,0.9999998622,0.9999998896,0.9999998821,0.999999829,0.9999997056,0.9999994765,0.9999991161,0.9999986292,0.9999980699,0.9999975355,0.9999971461,0.9999970035,0.9999994379,0.9999994675,0.9999995447,0.9999996405,0.9999997276,0.9999997874,0.9999998139,0.9999998036,0.9999997459,0.9999996155,0.9999993777,0.9999990071,0.9999985096,0.9999979405,0.9999973979,0.9999970035,0.9999968593]}
var.q Grid {getGrid = [0.9999997362,0.9999997716,0.9999998643,0.999999986,1.0000001059,1.000000206,1.0000002839,1.0000003499,1.0000004141,1.0000004761,1.0000005211,1.0000005273,1.0000004798,1.0000003835,1.000000266,1.0000001694,1.0000001319,0.9999997716,0.9999998059,0.9999998959,1.0000000139,1.0000001298,1.000000226,1.0000003007,1.0000003645,1.0000004274,1.0000004888,1.0000005336,1.0000005396,1.0000004918,1.0000003949,1.0000002768,1.0000001797,1.000000142,0.9999998643,0.9999998959,0.9999999791,1.0000000872,1.0000001921,1.0000002779,1.0000003441,1.000000402,1.0000004616,1.0000005216,1.000000566,1.0000005716,1.0000005229,1.0000004244,1.0000003043,1.0000002054,1.000000167,0.999999986,1.0000000139,1.0000000872,1.0000001813,1.0000002709,1.0000003424,1.0000003974,1.0000004481,1.0000005041,1.0000005632,1.0000006076,1.0000006128,1.0000005622,1.0000004605,1.0000003366,1.0000002347,1.0000001953,1.0000001059,1.0000001298,1.0000001921,1.0000002709,1.0000003441,1.000000401,1.0000004454,1.0000004902,1.0000005444,1.0000006041,1.0000006493,1.0000006536,1.0000005996,1.0000004924,1.0000003624,1.000000256,1.0000002148,1.000000206,1.000000226,1.0000002779,1.0000003424,1.000000401,1.0000004458,1.0000004828,1.0000005251,1.0000005806,1.0000006429,1.0000006891,1.0000006911,1.0000006309,1.0000005146,1.0000003753,1.0000002619,1.0000002182,1.0000002839,1.0000003007,1.0000003441,1.0000003974,1.0000004454,1.0000004828,1.0000005171,1.000000561,1.0000006203,1.000000686,1.0000007322,1.0000007284,1.0000006569,1.000000526,1.0000003723,1.0000002482,1.0000002005,1.0000003499,1.0000003645,1.000000402,1.0000004481,1.0000004902,1.0000005251,1.000000561,1.0000006088,1.0000006729,1.0000007404,1.0000007822,1.0000007664,1.0000006757,1.0000005221,1.0000003467,1.0000002072,1.0000001539,1.0000004141,1.0000004274,1.0000004616,1.0000005041,1.0000005444,1.0000005806,1.0000006203,1.0000006729,1.0000007392,1.0000008032,1.0000008328,1.0000007951,1.0000006746,1.0000004876,1.0000002815,1.0000001203,1.0000000592,1.0000004761,1.0000004888,1.0000005216,1.0000005632,1.0000006041,1.0000006429,1.000000686,1.0000007404,1.0000008032,1.0000008544,1.0000008606,1.0000007884,1.0000006252,1.0000003927,1.0000001461,0.9999999569,0.9999998857,1.0000005211,1.0000005336,1.000000566,1.0000006076,1.0000006493,1.0000006891,1.0000007322,1.0000007822,1.0000008328,1.0000008606,1.0000008304,1.0000007104,1.0000004913,1.0000002018,0.9999999053,0.9999996818,0.9999995985,1.0000005273,1.0000005396,1.0000005716,1.0000006128,1.0000006536,1.0000006911,1.0000007284,1.0000007664,1.0000007951,1.0000007884,1.0000007104,1.0000005306,1.0000002453,0.9999998898,0.9999995366,0.9999992746,0.9999991776,1.0000004798,1.0000004918,1.0000005229,1.0000005622,1.0000005996,1.0000006309,1.0000006569,1.0000006757,1.0000006746,1.0000006252,1.0000004913,1.0000002453,0.9999998881,0.9999994632,0.9999990509,0.9999987488,0.9999986376,1.0000003835,1.0000003949,1.0000004244,1.0000004605,1.0000004924,1.0000005146,1.000000526,1.0000005221,1.0000004876,1.0000003927,1.0000002018,0.9999998898,0.9999994632,0.9999989717,0.9999985036,0.9999981636,0.999998039,1.000000266,1.0000002768,1.0000003043,1.0000003366,1.0000003624,1.0000003753,1.0000003723,1.0000003467,1.0000002815,1.0000001461,0.9999999053,0.9999995366,0.9999990509,0.9999985036,0.9999979886,0.9999976172,0.9999974817,1.0000001694,1.0000001797,1.0000002054,1.0000002347,1.000000256,1.0000002619,1.0000002482,1.0000002072,1.0000001203,0.9999999569,0.9999996818,0.9999992746,0.9999987488,0.9999981636,0.9999976172,0.9999972254,0.9999970831,1.0000001319,1.000000142,1.000000167,1.0000001953,1.0000002148,1.0000002182,1.0000002005,1.0000001539,1.0000000592,0.9999998857,0.9999995985,0.9999991776,0.9999986376,0.999998039,0.9999974817,0.9999970831,0.9999969386]}
var.w Grid {getGrid = [9.876883e-2,9.87922195e-2,9.88588293e-2,9.89585729e-2,9.907631e-2,9.91941469e-2,9.92941065e-2,9.9360944e-2,9.93844091e-2,9.93609407e-2,9.92940949e-2,9.91941386e-2,9.90762888e-2,9.89585548e-2,9.88587435e-2,9.8792089e-2,9.87690885e-2,9.87922195e-2,9.88154575e-2,9.88816198e-2,9.898064e-2,9.90974029e-2,9.92140513e-2,9.93126526e-2,9.93780143e-2,9.93999426e-2,9.93749364e-2,9.9306611e-2,9.92052914e-2,9.90862468e-2,9.89675327e-2,9.88669931e-2,9.87998904e-2,9.87767405e-2,9.88588293e-2,9.88816198e-2,9.8946462e-2,9.90433441e-2,9.91572219e-2,9.92703497e-2,9.9364927e-2,9.94259167e-2,9.94432925e-2,9.94137308e-2,9.9341023e-2,9.9235665e-2,9.91130812e-2,9.89914644e-2,9.88887679e-2,9.88203374e-2,9.87967452e-2,9.89585729e-2,9.898064e-2,9.90433441e-2,9.91367495e-2,9.92459324e-2,9.93533372e-2,9.94413739e-2,9.94952586e-2,9.95052367e-2,9.94682733e-2,9.93884455e-2,9.92765271e-2,9.91481946e-2,9.9021863e-2,9.89156631e-2,9.88450762e-2,9.88207662e-2,9.907631e-2,9.90974029e-2,9.91572219e-2,9.92459324e-2,9.93487913e-2,9.94484943e-2,9.95277209e-2,9.95720361e-2,9.95720512e-2,9.95251208e-2,9.94357064e-2,9.93149561e-2,9.91788848e-2,9.90462072e-2,9.89352919e-2,9.88618027e-2,9.88365279e-2,9.91941469e-2,9.92140513e-2,9.92703497e-2,9.93533372e-2,9.94484943e-2,9.9538796e-2,9.96072601e-2,9.96399017e-2,9.96277652e-2,9.95686817e-2,9.94675796e-2,9.93360639e-2,9.9190561e-2,9.90501501e-2,9.89334887e-2,9.88564631e-2,9.88300151e-2,9.92941065e-2,9.93126526e-2,9.9364927e-2,9.94413739e-2,9.95277209e-2,9.96072601e-2,9.96634384e-2,9.96827723e-2,9.9656766e-2,9.9583813e-2,9.94693737e-2,9.93255757e-2,9.91693133e-2,9.90200818e-2,9.88968663e-2,9.88158072e-2,9.87880254e-2,9.9360944e-2,9.93780143e-2,9.94259167e-2,9.94952586e-2,9.95720361e-2,9.96399017e-2,9.96827723e-2,9.96876507e-2,9.96465551e-2,9.95585443e-2,9.94296292e-2,9.92725052e-2,9.91045707e-2,9.89457728e-2,9.88154487e-2,9.87300152e-2,9.87007933e-2,9.93844091e-2,9.93999426e-2,9.94432925e-2,9.95052367e-2,9.95720512e-2,9.96277652e-2,9.9656766e-2,9.96465551e-2,9.9589771e-2,9.9486149e-2,9.93421926e-2,9.91712237e-2,9.89911623e-2,9.88224271e-2,9.86847174e-2,9.85947394e-2,9.85640321e-2,9.93609407e-2,9.93749364e-2,9.94137308e-2,9.94682733e-2,9.95251208e-2,9.95686817e-2,9.9583813e-2,9.95585443e-2,9.9486149e-2,9.93669224e-2,9.92078721e-2,9.90230611e-2,9.88308796e-2,9.86522173e-2,9.85071274e-2,9.8412609e-2,9.83804346e-2,9.92940949e-2,9.9306611e-2,9.9341023e-2,9.93884455e-2,9.94357064e-2,9.94675796e-2,9.94693737e-2,9.94296292e-2,9.93421926e-2,9.92078721e-2,9.90343172e-2,9.8836303e-2,9.86325006e-2,9.84443186e-2,9.82921444e-2,9.8193268e-2,9.8159713e-2,9.91941386e-2,9.92052914e-2,9.9235665e-2,9.92765271e-2,9.93149561e-2,9.93360639e-2,9.93255757e-2,9.92725052e-2,9.91712237e-2,9.90230611e-2,9.8836303e-2,9.86261671e-2,9.84115495e-2,9.82145869e-2,9.80558761e-2,9.7952981e-2,9.79182005e-2,9.90762888e-2,9.90862468e-2,9.91130812e-2,9.91481946e-2,9.91788848e-2,9.9190561e-2,9.91693133e-2,9.91045707e-2,9.89911623e-2,9.88308796e-2,9.86325006e-2,9.84115495e-2,9.81874017e-2,9.79829323e-2,9.78185203e-2,9.7712115e-2,9.76763512e-2,9.89585548e-2,9.89675327e-2,9.89914644e-2,9.9021863e-2,9.90462072e-2,9.90501501e-2,9.90200818e-2,9.89457728e-2,9.88224271e-2,9.86522173e-2,9.84443186e-2,9.82145869e-2,9.79829323e-2,9.77724568e-2,9.76030688e-2,9.74937236e-2,9.74573209e-2,9.88587435e-2,9.88669931e-2,9.88887679e-2,9.89156631e-2,9.89352919e-2,9.89334887e-2,9.88968663e-2,9.88154487e-2,9.86847174e-2,9.85071274e-2,9.82921444e-2,9.80558761e-2,9.78185203e-2,9.76030688e-2,9.74295175e-2,9.73184482e-2,9.72821029e-2,9.8792089e-2,9.87998904e-2,9.88203374e-2,9.88450762e-2,9.88618027e-2,9.88564631e-2,9.88158072e-2,9.87300152e-2,9.85947394e-2,9.8412609e-2,9.8193268e-2,9.7952981e-2,9.7712115e-2,9.74937236e-2,9.73184482e-2,9.72080235e-2,9.71727087e-2,9.87690885e-2,9.87767405e-2,9.87967452e-2,9.88207662e-2,9.88365279e-2,9.88300151e-2,9.87880254e-2,9.87007933e-2,9.85640321e-2,9.83804346e-2,9.8159713e-2,9.79182005e-2,9.76763512e-2,9.74573209e-2,9.72821029e-2,9.71727087e-2,9.71381455e-2]}
res.G01 Grid {getGrid = [-2.638e-7,2.1e-9,5.0e-10,-3.79e-8,-4.32e-8,-9.32e-8,-7.12e-8,-8.47e-8,-4.31e-8,-3.58e-8,-9.5e-9,-3.66e-8,-6.82e-8,-1.401e-7,-1.709e-7,-1.345e-7,1.319e-7,2.1e-9,-4.29e-8,-1.844e-7,-2.332e-7,-1.851e-7,-1.697e-7,-8.5e-8,-2.52e-8,7.31e-8,1.521e-7,2.441e-7,3.119e-7,3.747e-7,4.026e-7,3.842e-7,3.15e-7,3.022e-7,5.0e-10,-1.844e-7,-1.275e-7,-1.964e-7,-1.658e-7,-1.423e-7,-8.15e-8,-1.93e-8,6.6e-8,1.382e-7,2.206e-7,2.811e-7,3.305e-7,3.438e-7,3.327e-7,3.563e-7,3.703e-7,-3.79e-8,-2.332e-7,-1.964e-7,-1.461e-7,-1.302e-7,-1.088e-7,-6.07e-8,-1.16e-8,5.41e-8,1.201e-7,1.807e-7,2.303e-7,2.609e-7,2.71e-7,2.933e-7,3.232e-7,3.323e-7,-4.32e-8,-1.851e-7,-1.658e-7,-1.302e-7,-1.111e-7,-9.19e-8,-4.96e-8,-1.22e-8,4.4e-8,8.76e-8,1.354e-7,1.624e-7,1.821e-7,2.052e-7,2.42e-7,2.621e-7,2.657e-7,-9.32e-8,-1.697e-7,-1.423e-7,-1.088e-7,-9.19e-8,-8.8e-8,-4.69e-8,-1.29e-8,2.41e-8,5.9e-8,7.87e-8,9.76e-8,1.063e-7,1.277e-7,1.379e-7,1.478e-7,1.505e-7,-7.12e-8,-8.5e-8,-8.15e-8,-6.07e-8,-4.96e-8,-4.69e-8,-6.27e-8,-3.38e-8,-2.5e-9,1.29e-8,3.07e-8,2.31e-8,2.89e-8,2.04e-8,2.72e-8,2.53e-8,2.2e-8,-8.47e-8,-2.52e-8,-1.93e-8,-1.16e-8,-1.22e-8,-1.29e-8,-3.38e-8,-7.39e-8,-4.42e-8,-2.99e-8,-3.02e-8,-3.84e-8,-6.81e-8,-8.11e-8,-1.054e-7,-1.136e-7,-1.166e-7,-4.31e-8,7.31e-8,6.6e-8,5.41e-8,4.4e-8,2.41e-8,-2.5e-9,-4.42e-8,-1.064e-7,-8.92e-8,-8.94e-8,-1.178e-7,-1.469e-7,-1.993e-7,-2.242e-7,-2.492e-7,-2.591e-7,-3.58e-8,1.521e-7,1.382e-7,1.201e-7,8.76e-8,5.9e-8,1.29e-8,-2.99e-8,-8.92e-8,-1.671e-7,-1.573e-7,-1.8e-7,-2.316e-7,-2.818e-7,-3.432e-7,-3.723e-7,-3.816e-7,-9.5e-9,2.441e-7,2.206e-7,1.807e-7,1.354e-7,7.87e-8,3.07e-8,-3.02e-8,-8.94e-8,-1.573e-7,-2.427e-7,-2.457e-7,-2.872e-7,-3.653e-7,-4.289e-7,-4.837e-7,-4.992e-7,-3.66e-8,3.119e-7,2.811e-7,2.303e-7,1.624e-7,9.76e-8,2.31e-8,-3.84e-8,-1.178e-7,-1.8e-7,-2.457e-7,-3.307e-7,-3.402e-7,-3.986e-7,-4.909e-7,-5.471e-7,-5.612e-7,-6.82e-8,3.747e-7,3.305e-7,2.609e-7,1.821e-7,1.063e-7,2.89e-8,-6.81e-8,-1.469e-7,-2.316e-7,-2.872e-7,-3.402e-7,-4.171e-7,-4.205e-7,-4.993e-7,-5.909e-7,-6.039e-7,-1.401e-7,4.026e-7,3.438e-7,2.71e-7,2.052e-7,1.277e-7,2.04e-8,-8.11e-8,-1.993e-7,-2.818e-7,-3.653e-7,-3.986e-7,-4.205e-7,-4.543e-7,-4.721e-7,-5.334e-7,-5.367e-7,-1.709e-7,3.842e-7,3.327e-7,2.933e-7,2.42e-7,1.379e-7,2.72e-8,-1.054e-7,-2.242e-7,-3.432e-7,-4.289e-7,-4.909e-7,-4.993e-7,-4.721e-7,-4.673e-7,-4.735e-7,-4.725e-7,-1.345e-7,3.15e-7,3.563e-7,3.232e-7,2.621e-7,1.478e-7,2.53e-8,-1.136e-7,-2.492e-7,-3.723e-7,-4.837e-7,-5.471e-7,-5.909e-7,-5.334e-7,-4.735e-7,-2.76e-7,-2.52e-7,1.319e-7,3.022e-7,3.703e-7,3.323e-7,2.657e-7,1.505e-7,2.2e-8,-1.166e-7,-2.591e-7,-3.816e-7,-4.992e-7,-5.612e-7,-6.039e-7,-5.367e-7,-4.725e-7,-2.52e-7,-9.1e-8]}
res.G22 Grid {getGrid = [-3.366e-7,-3.014e-7,-2.1e-7,-9.25e-8,2.06e-8,1.128e-7,1.85e-7,2.493e-7,3.125e-7,3.669e-7,3.829e-7,3.285e-7,1.832e-7,-3.82e-8,-2.856e-7,-4.837e-7,-5.621e-7,-3.014e-7,-2.26e-8,-4.56e-8,5.2e-9,1.75e-8,2.53e-8,1.83e-8,1.6e-8,9.8e-9,8.1e-9,8.7e-9,1.33e-8,2.09e-8,2.74e-8,3.05e-8,1.74e-8,8.0e-10,-2.1e-7,-4.56e-8,-1.484e-7,-1.022e-7,-5.59e-8,6.8e-9,-8.9e-9,3.78e-8,-4.4e-9,4.55e-8,8.0e-9,7.56e-8,5.24e-8,1.219e-7,6.56e-8,6.33e-8,-1.02e-8,-9.25e-8,5.2e-9,-1.022e-7,-1.152e-7,-9.82e-8,-5.07e-8,-1.4e-9,-2.3e-9,2.73e-8,1.9e-8,6.35e-8,8.34e-8,1.49e-7,1.513e-7,1.242e-7,3.42e-8,4.6e-9,2.06e-8,1.75e-8,-5.59e-8,-9.82e-8,-1.186e-7,-6.17e-8,-7.12e-8,-3.4e-9,-3.14e-8,4.17e-8,3.25e-8,1.393e-7,1.433e-7,1.865e-7,8.6e-8,5.67e-8,-8.1e-9,1.128e-7,2.53e-8,6.8e-9,-5.07e-8,-6.17e-8,-7.83e-8,-3.76e-8,-7.34e-8,-1.76e-8,-3.83e-8,5.06e-8,7.58e-8,1.527e-7,1.19e-7,9.95e-8,2.26e-8,5.7e-9,1.85e-7,1.83e-8,-8.9e-9,-1.4e-9,-7.12e-8,-3.76e-8,-7.68e-8,-2.86e-8,-1.071e-7,-3.89e-8,-4.89e-8,5.77e-8,6.33e-8,1.121e-7,5.5e-8,3.62e-8,-4.6e-9,2.493e-7,1.6e-8,3.78e-8,-2.3e-9,-3.4e-9,-7.34e-8,-2.86e-8,-7.68e-8,-5.53e-8,-1.409e-7,-7.13e-8,-5.19e-8,3.61e-8,5.05e-8,5.8e-8,2.44e-8,1.0e-9,3.125e-7,9.8e-9,-4.4e-9,2.73e-8,-3.14e-8,-1.76e-8,-1.071e-7,-5.53e-8,-1.09e-7,-1.059e-7,-1.707e-7,-9.91e-8,-4.28e-8,2.61e-8,4.41e-8,8.3e-9,4.8e-9,3.669e-7,8.1e-9,4.55e-8,1.9e-8,4.17e-8,-3.83e-8,-3.89e-8,-1.409e-7,-1.059e-7,-1.581e-7,-1.853e-7,-1.943e-7,-1.154e-7,-2.08e-8,6.5e-9,4.26e-8,-8.7e-9,3.829e-7,8.7e-9,8.0e-9,6.35e-8,3.25e-8,5.06e-8,-4.89e-8,-7.13e-8,-1.707e-7,-1.853e-7,-2.207e-7,-2.682e-7,-2.018e-7,-1.126e-7,1.99e-8,-2.58e-8,1.63e-8,3.285e-7,1.33e-8,7.56e-8,8.34e-8,1.393e-7,7.58e-8,5.77e-8,-5.19e-8,-9.91e-8,-1.943e-7,-2.682e-7,-2.957e-7,-3.421e-7,-2.01e-7,-1.089e-7,5.49e-8,-1.76e-8,1.832e-7,2.09e-8,5.24e-8,1.49e-7,1.433e-7,1.527e-7,6.33e-8,3.61e-8,-4.28e-8,-1.154e-7,-2.018e-7,-3.421e-7,-3.626e-7,-3.914e-7,-1.27e-7,-7.17e-8,2.57e-8,-3.82e-8,2.74e-8,1.219e-7,1.513e-7,1.865e-7,1.19e-7,1.121e-7,5.05e-8,2.61e-8,-2.08e-8,-1.126e-7,-2.01e-7,-3.914e-7,-3.945e-7,-4.232e-7,3.6e-9,-1.78e-8,-2.856e-7,3.05e-8,6.56e-8,1.242e-7,8.6e-8,9.95e-8,5.5e-8,5.8e-8,4.41e-8,6.5e-9,1.99e-8,-1.089e-7,-1.27e-7,-4.232e-7,-3.595e-7,-3.105e-7,3.82e-8,-4.837e-7,1.74e-8,6.33e-8,3.42e-8,5.67e-8,2.26e-8,3.62e-8,2.44e-8,8.3e-9,4.26e-8,-2.58e-8,5.49e-8,-7.17e-8,3.6e-9,-3.105e-7,-2.47e-7,-3.38e-8,-5.621e-7,8.0e-10,-1.02e-8,4.6e-9,-8.1e-9,5.7e-9,-4.6e-9,1.0e-9,4.8e-9,-8.7e-9,1.63e-8,-1.76e-8,2.57e-8,-1.78e-8,3.82e-8,-3.38e-8,-4.8e-8]}
res.SW2 Grid {getGrid = [-4.1e-9,2.6e-9,3.6e-9,4.3e-9,1.1e-9,5.0e-9,-2.1e-9,2.6e-9,-7.9e-9,-7.0e-10,-1.37e-8,-3.3e-9,-2.0e-8,-1.37e-8,-8.23e-8,-1.279e-7,2.545e-7,2.6e-9,0.0,0.0,0.0,0.0,0.0,0.0,0.0,0.0,0.0,0.0,0.0,0.0,0.0,0.0,-1.0e-10,0.0,3.6e-9,0.0,0.0,0.0,0.0,0.0,0.0,1.0e-10,1.0e-10,1.0e-10,1.0e-10,0.0,0.0,0.0,0.0,-1.0e-10,0.0,4.3e-9,0.0,0.0,0.0,0.0,0.0,1.0e-10,1.0e-10,1.0e-10,1.0e-10,1.0e-10,1.0e-10,0.0,0.0,-1.0e-10,-2.0e-10,0.0,1.1e-9,0.0,0.0,0.0,0.0,0.0,1.0e-10,1.0e-10,1.0e-10,1.0e-10,1.0e-10,1.0e-10,0.0,0.0,-1.0e-10,-2.0e-10,0.0,5.0e-9,0.0,0.0,0.0,0.0,0.0,1.0e-10,1.0e-10,1.0e-10,1.0e-10,1.0e-10,0.0,0.0,-1.0e-10,-2.0e-10,-3.0e-10,0.0,-2.1e-9,0.0,0.0,1.0e-10,1.0e-10,1.0e-10,0.0,0.0,1.0e-10,1.0e-10,0.0,-1.0e-10,-1.0e-10,-2.0e-10,-2.0e-10,-2.0e-10,0.0,2.6e-9,0.0,1.0e-10,1.0e-10,1.0e-10,1.0e-10,0.0,0.0,0.0,0.0,-1.0e-10,-2.0e-10,-2.0e-10,-2.0e-10,-3.0e-10,-3.0e-10,-1.0e-10,-7.9e-9,0.0,1.0e-10,1.0e-10,1.0e-10,1.0e-10,1.0e-10,0.0,0.0,0.0,-1.0e-10,-2.0e-10,-3.0e-10,-3.0e-10,-3.0e-10,-3.0e-10,-1.0e-10,-7.0e-10,0.0,1.0e-10,1.0e-10,1.0e-10,1.0e-10,1.0e-10,0.0,0.0,0.0,0.0,-2.0e-10,-4.0e-10,-4.0e-10,-4.0e-10,-3.0e-10,0.0,-1.37e-8,0.0,1.0e-10,1.0e-10,1.0e-10,1.0e-10,0.0,-1.0e-10,-1.0e-10,0.0,0.0,-1.0e-10,-4.0e-10,-4.0e-10,-4.0e-10,-2.0e-10,0.0,-3.3e-9,0.0,0.0,1.0e-10,1.0e-10,0.0,-1.0e-10,-2.0e-10,-2.0e-10,-2.0e-10,-1.0e-10,0.0,-1.0e-10,-3.0e-10,-4.0e-10,-2.0e-10,0.0,-2.0e-8,0.0,0.0,0.0,0.0,0.0,-1.0e-10,-2.0e-10,-3.0e-10,-4.0e-10,-4.0e-10,-1.0e-10,0.0,-1.0e-10,-3.0e-10,-2.0e-10,0.0,-1.37e-8,0.0,0.0,0.0,0.0,-1.0e-10,-2.0e-10,-2.0e-10,-3.0e-10,-4.0e-10,-4.0e-10,-3.0e-10,-1.0e-10,0.0,-1.0e-10,-2.0e-10,0.0,-8.23e-8,0.0,0.0,-1.0e-10,-1.0e-10,-2.0e-10,-2.0e-10,-3.0e-10,-3.0e-10,-4.0e-10,-4.0e-10,-4.0e-10,-3.0e-10,-1.0e-10,0.0,0.0,0.0,-1.279e-7,-1.0e-10,-1.0e-10,-2.0e-10,-2.0e-10,-3.0e-10,-2.0e-10,-3.0e-10,-3.0e-10,-3.0e-10,-2.0e-10,-2.0e-10,-2.0e-10,-2.0e-10,0.0,0.0,0.0,2.545e-7,0.0,0.0,0.0,0.0,0.0,0.0,-1.0e-10,-1.0e-10,0.0,0.0,0.0,0.0,0.0,0.0,0.0,0.0]}
res.G00 Grid {getGrid = [0.0,0.0,0.0,0.0,0.0,0.0,0.0,0.0,0.0,0.0,0.0,0.0,0.0,0.0,0.0,0.0,0.0,0.0,2.6e-9,8.0e-9,5.4e-9,1.54e-8,3.0e-9,1.01e-8,1.7e-9,5.8e-9,2.5e-9,3.4e-9,4.9e-9,3.5e-9,1.41e-8,5.8e-9,-9.1e-9,-3.95e-8,0.0,2.59e-8,1.51e-8,2.66e-8,1.75e-8,5.79e-8,2.89e-8,3.65e-8,2.46e-8,2.47e-8,2.37e-8,2.63e-8,3.72e-8,5.19e-8,3.5e-8,-1.048e-7,-1.855e-7,0.0,1.3e-9,5.58e-8,6.3e-9,-6.8e-9,1.85e-8,5.85e-8,5.54e-8,5.02e-8,5.24e-8,3.92e-8,5.34e-8,4.98e-8,2.9e-8,-8.1e-8,-1.495e-7,-1.596e-7,0.0,-7.65e-8,4.5e-8,7.09e-8,1.52e-8,-1.9e-8,1.03e-8,7.5e-8,6.82e-8,6.9e-8,6.71e-8,5.18e-8,3.24e-8,-3.58e-8,-1.002e-7,-1.538e-7,-1.802e-7,0.0,-5.21e-8,-4.25e-8,5.26e-8,5.29e-8,9.9e-9,-2.91e-8,2.04e-8,5.95e-8,7.78e-8,5.14e-8,4.07e-8,-1.72e-8,-6.68e-8,-1.135e-7,-1.381e-7,-1.439e-7,0.0,-8.97e-8,-2.22e-8,-2.42e-8,7.16e-8,3.9e-8,1.55e-8,-1.16e-8,4.17e-8,6.0e-8,6.55e-8,1.55e-8,-1.77e-8,-6.9e-8,-1.14e-7,-1.606e-7,-1.846e-7,0.0,-5.73e-8,-5.36e-8,-1.5e-9,-4.5e-9,6.47e-8,-2.1e-9,1.42e-8,1.98e-8,7.33e-8,3.52e-8,3.16e-8,-3.7e-8,-8.1e-8,-1.365e-7,-1.688e-7,-1.822e-7,0.0,-4.8e-8,-1.12e-8,-3.9e-9,4.61e-8,2.62e-8,6.43e-8,-4.05e-8,2.48e-8,8.75e-8,1.115e-7,2.8e-8,-2.5e-9,-8.45e-8,-1.447e-7,-2.105e-7,-2.459e-7,0.0,-2.19e-8,-1.02e-8,2.55e-8,3.65e-8,7.79e-8,5.83e-8,5.36e-8,-9.32e-8,2.31e-8,1.553e-7,1.271e-7,-9.0e-10,-6.29e-8,-1.589e-7,-2.106e-7,-2.388e-7,0.0,-4.3e-9,1.62e-8,3.49e-8,7.32e-8,9.34e-8,1.313e-7,1.159e-7,6.05e-8,-1.039e-7,3.43e-8,2.266e-7,1.336e-7,-3.22e-8,-1.165e-7,-2.259e-7,-2.922e-7,0.0,-3.04e-8,-8.0e-9,2.61e-8,6.56e-8,1.169e-7,1.456e-7,1.648e-7,1.561e-7,7.34e-8,-1.124e-7,3.31e-8,2.546e-7,1.108e-7,-9.05e-8,-1.8e-7,-2.434e-7,0.0,-5.53e-8,-2.96e-8,2.19e-8,9.17e-8,1.353e-7,1.544e-7,1.8e-7,1.914e-7,1.998e-7,1.178e-7,-8.27e-8,5.91e-8,2.532e-7,1.046e-7,-1.383e-7,-2.954e-7,0.0,-1.277e-7,-5.53e-8,5.2e-8,1.037e-7,9.91e-8,1.191e-7,1.214e-7,1.573e-7,1.716e-7,1.925e-7,1.537e-7,-6.23e-8,7.0e-8,2.085e-7,-4.7e-9,-1.592e-7,0.0,-1.071e-7,2.28e-8,8.04e-8,7.7e-8,6.87e-8,7.15e-8,7.54e-8,9.79e-8,1.074e-7,1.485e-7,1.705e-7,1.707e-7,8.2e-9,1.094e-7,1.556e-7,-1.767e-7,0.0,-5.65e-8,7.14e-8,7.0e-10,5.34e-8,-1.77e-8,5.15e-8,-1.76e-8,5.67e-8,-5.1e-9,7.09e-8,2.87e-8,9.77e-8,1.171e-7,1.8e-9,8.44e-8,4.42e-8,0.0,4.3e-9,-2.0e-10,1.15e-8,-9.6e-9,1.75e-8,-1.19e-8,1.85e-8,-1.09e-8,1.74e-8,-7.5e-9,1.35e-8,1.1e-9,-1.13e-8,6.0e-8,-6.9e-9,-8.7e-9]}
res.G11 Grid {getGrid = [0.0,0.0,0.0,0.0,0.0,0.0,0.0,0.0,0.0,0.0,0.0,0.0,0.0,0.0,0.0,0.0,0.0,0.0,2.6e-9,2.59e-8,1.3e-9,-7.65e-8,-5.21e-8,-8.97e-8,-5.73e-8,-4.8e-8,-2.19e-8,-4.3e-9,-3.04e-8,-5.53e-8,-1.277e-7,-1.071e-7,-5.65e-8,4.3e-9,0.0,8.0e-9,1.5e-8,5.58e-8,4.5e-8,-4.25e-8,-2.22e-8,-5.36e-8,-1.12e-8,-1.02e-8,1.62e-8,-8.0e-9,-2.96e-8,-5.53e-8,2.28e-8,7.14e-8,-2.0e-10,0.0,5.4e-9,2.66e-8,6.3e-9,7.09e-8,5.26e-8,-2.42e-8,-1.5e-9,-3.9e-9,2.55e-8,3.49e-8,2.61e-8,2.19e-8,5.2e-8,8.04e-8,7.0e-10,1.15e-8,0.0,1.54e-8,1.75e-8,-6.8e-9,1.52e-8,5.29e-8,7.16e-8,-4.5e-9,4.61e-8,3.65e-8,7.32e-8,6.56e-8,9.17e-8,1.037e-7,7.7e-8,5.34e-8,-9.6e-9,0.0,3.0e-9,5.79e-8,1.85e-8,-1.9e-8,9.9e-9,3.9e-8,6.47e-8,2.62e-8,7.79e-8,9.34e-8,1.169e-7,1.353e-7,9.91e-8,6.87e-8,-1.77e-8,1.75e-8,0.0,1.01e-8,2.89e-8,5.85e-8,1.03e-8,-2.91e-8,1.55e-8,-2.1e-9,6.43e-8,5.83e-8,1.313e-7,1.456e-7,1.544e-7,1.191e-7,7.15e-8,5.15e-8,-1.19e-8,0.0,1.7e-9,3.65e-8,5.54e-8,7.5e-8,2.04e-8,-1.16e-8,1.42e-8,-4.05e-8,5.36e-8,1.159e-7,1.648e-7,1.8e-7,1.214e-7,7.54e-8,-1.76e-8,1.85e-8,0.0,5.8e-9,2.46e-8,5.02e-8,6.82e-8,5.95e-8,4.17e-8,1.98e-8,2.48e-8,-9.32e-8,6.05e-8,1.561e-7,1.914e-7,1.573e-7,9.79e-8,5.67e-8,-1.09e-8,0.0,2.5e-9,2.46e-8,5.24e-8,6.9e-8,7.78e-8,6.0e-8,7.33e-8,8.75e-8,2.31e-8,-1.039e-7,7.34e-8,1.998e-7,1.716e-7,1.074e-7,-5.1e-9,1.74e-8,0.0,3.4e-9,2.37e-8,3.92e-8,6.71e-8,5.14e-8,6.55e-8,3.52e-8,1.115e-7,1.553e-7,3.43e-8,-1.124e-7,1.178e-7,1.925e-7,1.485e-7,7.09e-8,-7.5e-9,0.0,4.9e-9,2.63e-8,5.34e-8,5.18e-8,4.07e-8,1.55e-8,3.16e-8,2.8e-8,1.271e-7,2.266e-7,3.31e-8,-8.27e-8,1.537e-7,1.705e-7,2.87e-8,1.35e-8,0.0,3.5e-9,3.72e-8,4.98e-8,3.24e-8,-1.72e-8,-1.77e-8,-3.7e-8,-2.5e-9,-9.0e-10,1.336e-7,2.546e-7,5.91e-8,-6.23e-8,1.707e-7,9.77e-8,1.1e-9,0.0,1.41e-8,5.19e-8,2.9e-8,-3.58e-8,-6.68e-8,-6.9e-8,-8.1e-8,-8.45e-8,-6.29e-8,-3.22e-8,1.108e-7,2.532e-7,7.0e-8,8.2e-9,1.171e-7,-1.13e-8,0.0,5.8e-9,3.5e-8,-8.1e-8,-1.002e-7,-1.135e-7,-1.14e-7,-1.365e-7,-1.447e-7,-1.589e-7,-1.165e-7,-9.05e-8,1.046e-7,2.085e-7,1.094e-7,1.8e-9,6.0e-8,0.0,-9.1e-9,-1.048e-7,-1.495e-7,-1.538e-7,-1.381e-7,-1.606e-7,-1.688e-7,-2.105e-7,-2.106e-7,-2.259e-7,-1.8e-7,-1.383e-7,-4.7e-9,1.556e-7,8.44e-8,-6.9e-9,0.0,-3.95e-8,-1.855e-7,-1.596e-7,-1.802e-7,-1.439e-7,-1.846e-7,-1.822e-7,-2.459e-7,-2.388e-7,-2.922e-7,-2.434e-7,-2.954e-7,-1.592e-7,-1.767e-7,4.42e-8,-8.7e-9]}
S var.g Grid {getGrid = [0.999996722,1.3736e-6,5.1606e-6,-2.7991e-6,-3.3662e-6,2.0506e-6,5.3823e-6,-5.8307e-6,-1.26454e-5,1.03153e-5,2.04761e-5,-9.2812e-6,-1.99631e-5,5.6389e-6,1.13287e-5,-1.5747e-6,-2.866e-6,6.812e-7,-2.378e-7,-4.5514e-6,-1.297e-7,3.33123e-5,1.877789e-4,2.72172e-5,-1.4985107e-3,-9.49329e-4,4.603015e-3,3.4462035e-3,-6.7876163e-3,-5.4833025e-3,4.8247056e-3,4.1285887e-3,-1.3290624e-3,-1.1984957e-3,4.552e-6,-2.9264e-6,-1.40066e-5,-9.8715e-6,1.515087e-4,2.631984e-4,-8.387209e-4,-1.6040848e-3,1.8181391e-3,4.4844623e-3,-1.026473e-3,-6.3791993e-3,-1.6831607e-3,4.4904906e-3,2.5372338e-3,-1.242441e-3,-9.48512e-4,-2.2166e-6,-8.1667e-6,-2.28013e-5,1.500394e-4,2.907787e-4,-9.557276e-4,-1.7179837e-3,2.9678637e-3,5.8795669e-3,-5.1434111e-3,-1.20908467e-2,5.1733198e-3,1.45478776e-2,-2.8606473e-3,-9.3344244e-3,6.763038e-4,2.4494105e-3,-7.844e-7,1.10445e-5,4.7749e-5,8.07956e-5,-8.335137e-4,-1.4975057e-3,5.3594019e-3,8.4786405e-3,-1.60115287e-2,-2.30150518e-2,2.44589001e-2,3.23329631e-2,-1.90274715e-2,-2.2648985e-2,6.5606683e-3,6.2583616e-3,-5.561374e-4,1.9795e-6,3.33242e-5,1.104676e-4,-6.013473e-4,-1.2873977e-3,2.9181123e-3,6.1401823e-3,-4.0310102e-3,-1.40049369e-2,-4.9029177e-3,1.49349643e-2,1.84644551e-2,-4.6674696e-3,-1.73073162e-2,-3.2590937e-3,5.4260188e-3,2.0296158e-3,-1.846e-7,-2.70689e-5,-2.247837e-4,4.48058e-5,4.1165762e-3,1.1145362e-3,-2.9250145e-2,-9.4091773e-3,0.1028257012,3.01572894e-2,-0.1976083517,-4.64940949e-2,0.2118048668,3.45722376e-2,-0.1189764738,-9.9613958e-3,2.73145437e-2,-2.3469e-6,-6.35506e-5,-1.881577e-4,1.4321369e-3,2.6503207e-3,-1.006527e-2,-1.42754312e-2,3.23177454e-2,3.51980326e-2,-5.4615143e-2,-3.99011393e-2,5.06252984e-2,1.3970536e-2,-2.4566358e-2,7.8652331e-3,4.9370358e-3,-5.3167811e-3,-4.1813e-6,3.43772e-5,7.274873e-4,-3.433042e-4,-1.36742145e-2,1.6369697e-3,9.9644959e-2,-1.2759629e-3,-0.360752821,-9.1589622e-3,0.7153186798,2.48363453e-2,-0.7911157608,-2.35565297e-2,0.4581608772,7.8352183e-3,-0.1083089113,5.933e-6,7.71124e-5,1.486916e-4,-2.2855466e-3,-2.3570167e-3,2.05691538e-2,1.27595465e-2,-8.49714296e-2,-2.91287063e-2,0.1856734026,2.44221088e-2,-0.2223408259,8.1698096e-3,0.1380369887,-2.3958601e-2,-3.47619206e-2,9.9414462e-3,1.39539e-5,-3.93078e-5,-1.4312435e-3,7.592906e-4,2.70524472e-2,-5.764414e-3,-0.1974896193,1.84159241e-2,0.7160301208,-2.69278131e-2,-1.4217271805,1.53067078e-2,1.5743637085,1.1857485e-3,-0.9127836227,-2.9500201e-3,0.2159867287,-9.2614e-6,-7.03933e-5,-8.35337e-5,2.4452991e-3,1.2456249e-3,-2.40243918e-2,-5.4177551e-3,0.1057891191,5.934209e-3,-0.24224988,1.5039236e-2,0.3000423983,-4.55445967e-2,-0.1907270476,4.26517397e-2,4.87982798e-2,-1.38226765e-2,-1.83912e-5,4.44227e-5,1.6067177e-3,-1.0750086e-3,-3.03440392e-2,8.8521164e-3,0.2208790779,-3.16753376e-2,-0.7987194061,5.64959052e-2,1.5822982788,-5.08657518e-2,-1.7486381531,2.06990901e-2,1.0119800568,-2.4598238e-3,-0.239054203,6.8853e-6,4.30293e-5,5.79689e-5,-1.5341369e-3,-8.519175e-4,1.52859313e-2,3.8775633e-3,-6.79798825e-2,-5.8368252e-3,0.1567430422,-4.1577781e-3,-0.1950544491,2.14949689e-2,0.1243850961,-2.19934701e-2,-3.18907518e-2,7.4083449e-3,1.15202e-5,-2.94088e-5,-9.425087e-4,7.507171e-4,1.77733302e-2,-6.3963956e-3,-0.1289968491,2.39462529e-2,0.4651999474,-4.55689218e-2,-0.9193620682,4.53870856e-2,1.0138101578,-2.21137196e-2,-0.5855417252,4.0147804e-3,0.1380593777,-1.9502e-6,-1.10251e-5,-1.79156e-5,3.934372e-4,2.750799e-4,-3.9162369e-3,-1.3932999e-3,1.74062718e-2,2.9124097e-3,-4.01091613e-2,-1.704865e-3,4.98801302e-2,-2.4735188e-3,-3.17875016e-2,3.8912617e-3,8.1447423e-3,-1.4883385e-3,-2.9339e-6,8.0973e-6,2.257298e-4,-2.058866e-4,-4.240945e-3,1.7894156e-3,3.06887031e-2,-6.8738753e-3,-0.1103849411,1.35306678e-2,0.2176480293,-1.41219226e-2,-0.2395031452,7.3701679e-3,0.1380596161,-1.4941781e-3,-3.24922204e-2]}
S var.q Grid {getGrid = [0.9999967922,1.3758e-6,5.119e-6,-2.7029e-6,-3.0286e-6,1.8097e-6,3.8062e-6,-4.1996e-6,-6.1991e-6,5.4846e-6,6.3427e-6,-1.9658e-6,-2.7612e-6,1.522e-7,3.901e-7,4.47e-8,-2.49e-8,6.834e-7,-1.804e-7,-4.6645e-6,5.102e-7,3.35426e-5,1.803997e-4,2.70443e-5,-1.4677203e-3,-9.535231e-4,4.5352401e-3,3.4632827e-3,-6.7063732e-3,-5.5113884e-3,4.774492e-3,4.149981e-3,-1.3165312e-3,-1.2047303e-3,4.5103e-6,-3.0395e-6,-1.30559e-5,-9.576e-6,1.307599e-4,2.6013e-4,-6.733987e-4,-1.5865718e-3,1.1838414e-3,4.4333938e-3,2.860893e-4,-6.3016222e-3,-3.1843055e-3,4.4319682e-3,3.4308527e-3,-1.2251346e-3,-1.1647334e-3,-2.1205e-6,-7.5268e-6,-2.25057e-5,1.245102e-4,2.895564e-4,-7.181923e-4,-1.733608e-3,1.9599974e-3,6.0269664e-3,-2.8992607e-3,-1.25668994e-2,2.4547555e-3,1.52785508e-2,-1.1633823e-3,-9.8751753e-3,2.484577e-4,2.6047277e-3,-4.468e-7,1.12747e-5,2.70003e-5,7.95733e-5,-4.03682e-4,-1.4704804e-3,2.0451583e-3,8.2624787e-3,-3.5189465e-3,-2.22879124e-2,-1.0947287e-3,3.11434715e-2,9.9539459e-3,-2.17112969e-2,-1.05796307e-2,5.9729691e-3,3.5690516e-3,1.7386e-6,2.5945e-5,1.073991e-4,-3.638119e-4,-1.2603715e-3,6.709115e-4,6.1456703e-3,5.5969654e-3,-1.48269481e-2,-2.64811609e-2,1.82355821e-2,4.47266088e-2,-1.02054729e-2,-3.3759915e-2,1.0485515e-3,9.5840559e-3,7.517194e-4,-1.7607e-6,-2.72415e-5,-5.94619e-5,2.91812e-5,8.023307e-4,1.1200304e-3,-4.1282028e-3,-8.6842744e-3,9.1634393e-3,2.67932592e-2,-7.4988604e-3,-4.02476152e-2,-2.5472641e-3,2.93067255e-2,7.2065592e-3,-8.2916034e-3,-2.9368997e-3,-7.159e-7,-3.27601e-5,-1.706442e-4,4.2427e-4,2.434162e-3,-4.372982e-4,-1.35504804e-2,-9.2085838e-3,3.59569052e-2,3.88942605e-2,-4.84541971e-2,-6.35707264e-2,3.14121428e-2,4.71528342e-2,-6.9044009e-3,-1.3221433e-2,-7.193971e-4,2.2649e-6,3.01825e-5,9.31891e-5,-1.958976e-4,-1.1816323e-3,8.149117e-4,5.9825182e-3,-5.169548e-4,-1.42104626e-2,-4.5662157e-3,1.5914917e-2,1.1529522e-2,-6.0358047e-3,-1.03968009e-2,-2.3064613e-3,3.3043479e-3,1.7422438e-3,1.1024e-6,9.337e-6,9.76218e-5,-4.1394e-5,-1.6298842e-3,-1.0090937e-3,9.3956181e-3,8.5379455e-3,-2.45365179e-2,-2.56146081e-2,3.09870835e-2,3.63330171e-2,-1.67941836e-2,-2.47124471e-2,8.578452e-4,6.4975517e-3,1.6164574e-3,-1.792e-7,-2.22276e-5,-1.186887e-4,2.832377e-4,1.4988035e-3,-2.4638486e-3,-7.3796511e-3,9.8631746e-3,1.6626358e-2,-2.03638715e-2,-1.63478851e-2,2.26805486e-2,2.3937225e-3,-1.29940283e-2,6.4754486e-3,3.0135684e-3,-3.1518936e-3,-1.946e-6,1.08505e-5,-5.9549e-6,-2.732657e-4,5.61447e-5,2.2377446e-3,8.288361e-4,-8.406895e-3,-7.3722454e-3,1.64238773e-2,2.24117338e-2,-1.72168985e-2,-3.23211646e-2,9.1400445e-3,2.2500523e-2,-1.9166879e-3,-6.0929091e-3,-1.1896e-6,1.63368e-5,1.055729e-4,-3.44332e-4,-1.3627112e-3,3.3140432e-3,6.5271854e-3,-1.42341543e-2,-1.36432648e-2,3.15325132e-2,1.03282928e-2,-3.76438283e-2,4.5280457e-3,2.30614981e-2,-1.06859207e-2,-5.6993322e-3,4.1987896e-3,1.3987e-6,-7.1849e-6,-5.545e-7,1.631312e-4,8.57593e-5,-1.1666499e-3,-1.3878802e-3,3.7392825e-3,7.3229516e-3,-6.0063228e-3,-1.83372101e-2,4.8126727e-3,2.38566714e-2,-1.6403496e-3,-1.55948414e-2,1.066439e-4,4.0526058e-3,5.818e-7,-8.0165e-6,-4.88972e-5,2.099629e-4,6.330758e-4,-2.0887993e-3,-2.8135777e-3,9.1766815e-3,4.7316551e-3,-2.07522855e-2,-1.039505e-4,2.52365017e-2,-8.8577271e-3,-1.57154452e-2,9.7160339e-3,3.9399597e-3,-3.2567978e-3,-3.308e-7,1.5063e-6,-6.09e-7,-3.44095e-5,-1.03111e-5,2.417967e-4,2.764735e-4,-7.521904e-4,-1.6183209e-3,1.1502746e-3,4.2584199e-3,-8.34791e-4,-5.7132698e-3,2.098735e-4,3.816297e-3,1.76569e-5,-1.0081469e-3,-9.28e-8,1.8629e-6,9.5093e-6,-5.05706e-5,-1.157634e-4,5.115209e-4,4.373491e-4,-2.276544e-3,-3.340244e-4,5.2057867e-3,-1.4894009e-3,-6.3922588e-3,3.7493706e-3,4.0145851e-3,-3.2567978e-3,-1.0139893e-3,9.986758e-4]}
S var.w Grid {getGrid = [9.95893802e-2,-4.112668e-4,-6.137431e-4,1.02451e-5,-3.41356e-5,-1.153913e-4,1.689933e-4,6.123048e-4,-3.252823e-4,-1.6618425e-3,7.61918e-5,2.3998478e-3,5.733109e-4,-1.7527111e-3,-7.366381e-4,5.086427e-4,2.761628e-4,-4.113359e-4,-4.095049e-4,5.8653e-6,-1.93791e-5,-6.08266e-5,1.106749e-4,3.321163e-4,-3.219778e-4,-9.7293e-4,4.969517e-4,1.5976524e-3,-3.752635e-4,-1.4553078e-3,9.77765e-5,6.734658e-4,1.02955e-5,-1.192825e-4,-6.138044e-4,6.0293e-6,-1.86278e-5,-5.60307e-5,8.90277e-5,2.960263e-4,-2.034212e-4,-8.62309e-4,1.400166e-4,1.433669e-3,2.772142e-4,-1.3396253e-3,-6.252945e-4,6.448444e-4,4.558143e-4,-1.216452e-4,-1.163493e-4,1.03044e-5,-2.0097e-5,-5.72521e-5,8.58808e-5,2.783811e-4,-2.026683e-4,-8.023707e-4,2.397529e-4,1.4707699e-3,-1.190996e-4,-1.8680924e-3,2.99188e-5,1.6958249e-3,-4.81895e-5,-9.834252e-4,3.17872e-5,2.59743e-4,-3.38762e-5,-6.31187e-5,7.88444e-5,2.583411e-4,-1.568328e-4,-7.527047e-4,1.906781e-4,1.6500357e-3,-4.75794e-5,-2.8090246e-3,-5.199611e-4,3.276605e-3,1.2270715e-3,-2.167259e-3,-1.1192504e-3,5.954624e-4,3.668866e-4,-1.154006e-4,9.47138e-5,2.806195e-4,-1.670309e-4,-7.297325e-4,1.224034e-4,1.4218625e-3,6.288197e-4,-2.1126952e-3,-2.6389177e-3,2.1838698e-3,4.2939565e-3,-1.2856296e-3,-3.2273027e-3,2.744507e-4,9.242417e-4,3.20172e-5,1.684337e-4,3.274083e-4,-1.43263e-4,-6.325722e-4,6.9886e-5,9.334423e-4,-2.5494e-5,-1.512778e-3,1.23851e-4,3.0430968e-3,1.949966e-4,-4.2558215e-3,-9.670258e-4,3.0576349e-3,1.0142326e-3,-8.573936e-4,-3.393218e-4,6.126526e-4,-1.769721e-4,-7.212034e-4,8.39019e-5,1.0680558e-3,3.24715e-5,-1.9871846e-3,-7.460031e-4,4.2136375e-3,3.224759e-3,-5.9606818e-3,-5.6024434e-3,4.5245178e-3,4.3257951e-3,-1.5595289e-3,-1.2426593e-3,1.463417e-4,-3.244282e-4,-8.777263e-4,3.37758e-5,8.705314e-4,1.757219e-4,-5.938282e-4,-1.833439e-4,6.178269e-4,1.623929e-4,-1.5696936e-3,-5.403161e-4,2.4318841e-3,9.639263e-4,-1.7964112e-3,-7.504225e-4,5.116356e-4,2.185106e-4,-1.6622783e-3,4.17385e-5,1.0024816e-3,1.764431e-4,-7.537399e-4,-1.251656e-4,1.3136369e-3,2.232165e-4,-3.549076e-3,-1.2820808e-3,5.6844638e-3,2.4104933e-3,-4.8944075e-3,-1.8936056e-3,2.1112206e-3,5.4656e-4,-3.483982e-4,7.55214e-5,1.2561921e-3,2.346558e-4,-6.246933e-4,-2.490114e-4,1.916387e-4,1.91465e-4,-2.181054e-4,-4.650354e-4,5.967591e-4,1.0151863e-3,-8.407808e-4,-1.2174845e-3,5.863442e-4,7.566214e-4,-1.605121e-4,-1.90109e-4,2.3998514e-3,2.992713e-4,-7.140036e-4,-2.599954e-4,1.861625e-4,1.029987e-4,-1.798067e-4,-1.477147e-4,5.622183e-4,4.410199e-4,-8.703573e-4,-6.466312e-4,6.774634e-4,4.598889e-4,-2.334535e-4,-1.269509e-4,2.0485e-5,5.734935e-4,-9.111363e-4,-2.977167e-4,1.77819e-4,9.26554e-5,-7.7878e-6,-5.2616e-5,3.96986e-5,2.058744e-4,-1.048404e-4,-4.301071e-4,1.451757e-4,4.97818e-4,-9.99095e-5,-3.005266e-4,2.70106e-5,7.37309e-5,-1.7525891e-3,-3.821239e-4,2.045329e-4,9.79899e-5,-1.0654e-6,-1.28452e-5,1.26063e-5,3.17162e-5,-4.2533e-5,-4.18392e-5,5.75448e-5,3.16408e-5,-2.24977e-5,-1.37547e-5,-1.41137e-5,2.8124e-6,1.01672e-5,-7.366357e-4,2.630557e-4,1.106437e-4,2.55e-7,-1.7211e-6,-2.533e-6,1.35899e-5,1.27291e-5,-5.10812e-5,-3.17094e-5,1.043081e-4,4.13782e-5,-1.198053e-4,-2.73092e-5,7.18832e-5,7.2023e-6,-1.76579e-5,5.086059e-4,1.42563e-4,-2.79e-8,-5.087e-7,9.571e-7,3.0168e-6,-7.5578e-6,-9.1407e-6,2.44833e-5,1.70071e-5,-3.74279e-5,-1.98511e-5,2.6098e-5,1.3001e-5,-5.4308e-6,-3.5538e-6,-1.0997e-6,2.761602e-4,7.9e-9,-1.96e-8,-7.58e-8,4.293e-7,6.418e-7,-3.3118e-6,-3.1362e-6,1.24723e-5,7.7685e-6,-2.55108e-5,-1.01381e-5,2.93255e-5,6.6987e-6,-1.76132e-5,-1.7666e-6,4.3027e-6]}
S res.G01 Grid {getGrid = [-1.064e-7,-2.004e-7,1.5417e-6,3.511e-6,-1.62072e-5,-4.06196e-5,9.17382e-5,2.046125e-4,-3.06345e-4,-5.287327e-4,6.181567e-4,7.30244e-4,-7.373728e-4,-5.124968e-4,4.756853e-4,1.43574e-4,-1.272416e-4,-2.004e-7,-3.8543e-6,2.386e-7,6.90506e-5,2.8813e-6,-5.477162e-4,-2.23041e-5,2.1205666e-3,1.12267e-5,-4.4687225e-3,2.198998e-4,5.2453237e-3,-6.080054e-4,-3.229716e-3,6.125452e-4,8.147749e-4,-2.166233e-4,1.5417e-6,2.386e-7,-8.44269e-5,-1.97944e-5,1.0187125e-3,3.405622e-4,-5.0426489e-3,-1.9186192e-3,1.23826338e-2,5.0354269e-3,-1.58645087e-2,-6.7559018e-3,9.9762652e-3,4.4953914e-3,-2.1988391e-3,-1.1765036e-3,-1.890182e-4,3.511e-6,6.90507e-5,-1.97934e-5,-1.5708177e-3,-4.60639e-5,1.281459e-2,2.1247969e-3,-4.82772399e-2,-1.17584151e-2,9.63800467e-2,2.81533031e-2,-0.1055687229,-3.37125211e-2,6.01521311e-2,1.96897361e-2,-1.40037227e-2,-4.4315882e-3,-1.62072e-5,2.8813e-6,1.0187132e-3,-4.60693e-5,-1.32378525e-2,-2.2672691e-3,6.66164053e-2,1.86527221e-2,-0.1587837358,-5.7460325e-2,0.1830683361,8.47452556e-2,-8.04733287e-2,-6.02470658e-2,-1.40908311e-2,1.66040284e-2,1.59050711e-2,-4.06193e-5,-5.477174e-4,3.40553e-4,1.28145982e-2,-2.267371e-3,-0.1087301237,-4.1510442e-3,0.4175290093,6.70612185e-2,-0.8417739655,-0.2021366354,0.926672082,0.2688163205,-0.5296604299,-0.1663509368,0.1237546984,3.86868049e-2,9.17383e-5,-2.2307e-5,-5.0426606e-3,2.124973e-3,6.66165024e-2,-4.1534145e-3,-0.3246484472,-3.86424501e-2,0.6913094885,0.1930592268,-0.5411837695,-0.3435677372,-0.2149590723,0.2723639974,0.5496667015,-8.10345661e-2,-0.2218934651,2.04611e-4,2.1205736e-3,-1.9185776e-3,-4.82773157e-2,1.86533646e-2,0.4175293812,-3.86555708e-2,-1.6152418342,-0.1217525674,3.2619212269,0.6122548348,-3.5856901375,-0.9425467144,2.0447033581,0.6245770525,-0.4773666246,-0.150575007,-3.063459e-4,1.12481e-5,1.23827047e-2,-1.17594969e-2,-0.1587844571,6.70751193e-2,0.6913118124,-0.1218277756,-0.9911462598,-6.47079656e-2,-0.7918798953,0.4506912768,3.7227452871,-0.4941020646,-3.709751391,0.1741201087,1.2255587478,-5.287289e-4,-4.4687424e-3,5.0353301e-3,9.6380317e-2,-5.74622297e-2,-0.841775732,0.1930953045,3.2619252665,-6.49117017e-2,-6.5724876851,-0.8045353964,7.1936692668,1.5865279894,-4.0846101381,-1.1418321371,0.952160994,0.2839159317,6.181594e-4,2.198372e-4,-1.58647104e-2,2.8156271e-2,0.1830705409,-0.2021741012,-0.5411929273,0.6124557086,-0.7918647739,-0.8050762301,6.8682098722,0.3004540045,-13.3106416561,0.2303042761,10.9399940519,-0.1632820939,-3.3325253326,7.302389e-4,5.2453533e-3,-6.7557802e-3,-0.1055691772,8.47481451e-2,0.9266754219,-0.3436197501,-3.5857002826,0.4509818012,7.1936811557,0.2996863395,-7.8291648075,-1.2392845801,4.4241772805,1.0136845166,-1.0304533403,-0.2591201151,-7.37377e-4,-6.079148e-4,9.9765592e-3,-3.37166746e-2,-8.0476666e-2,0.2688682831,-0.2149438346,-0.942824003,3.7227124353,1.5872721222,-13.3106114334,-1.2403381493,21.3411053512,0.3157198978,-16.206098874,4.43883165e-2,4.7392147532,-5.124932e-4,-3.2297378e-3,4.4953135e-3,6.01524942e-2,-6.02492337e-2,-0.5296632841,0.2724015967,2.0447131172,-0.4943103087,-4.0846254444,0.2308525271,4.4241869944,0.3149689786,-2.4925528204,-0.3642291755,0.5818012304,9.57874494e-2,4.756884e-4,6.124808e-4,-2.199052e-3,1.96926337e-2,-1.40883585e-2,-0.1663869939,0.5496548635,0.6247689141,-3.7097231697,-1.1423459641,10.9399600163,1.0144108372,-16.2060813442,-0.3647461705,11.820311169,1.47481698e-2,-3.3783431536,1.435731e-4,8.147812e-4,-1.1764836e-3,-1.40038342e-2,1.66046655e-2,0.1237556159,-8.10453092e-2,-0.4773699831,0.1741792102,0.9521669557,-0.163437236,-1.0304584243,4.46004585e-2,0.5818029046,1.46022733e-2,-0.1369276717,-4.2332804e-3,-1.272424e-4,-2.166053e-4,-1.889576e-4,-4.4323882e-3,1.59043555e-2,3.86967253e-2,-0.2218899446,-0.1506276917,1.2255499284,0.2840568251,-3.3325135511,-0.2593190441,4.739206789,9.59289103e-2,-3.3783410175,-4.2731683e-3,0.9523954709]}
