Spherically Symmetric Scalar Field in double-Null coordinates
iter 0   time 25 sec   |res| 9.93844170297569e-2   |res5| 9.93844170297569e-2
iter 1   time 126 sec   |res| 1.669756544412925e-5   |res5| 1.670728309520662e-5
iter 2   time 153 sec   |res| 1.3641517238842091e-6   |res5| 1.3641517238842091e-6
iter 3   time 179 sec   |res| 5.887001153226379e-7   |res5| 5.887001153226379e-7
iter 4   time 206 sec   |res| 5.88692249614553e-7   |res5| 5.88692249614553e-7
iter 5   time 228 sec   |res| 5.886579632630173e-7   |res5| 5.886579632630173e-7
var.g Grid {getGrid = [0.9999996385,0.9999996622,0.9999997275,0.9999998199,0.9999999219,1.0000000187,1.0000001017,1.0000001701,1.0000002286,1.0000002828,1.0000003344,1.0000003776,1.0000003989,1.0000003805,1.0000003089,1.0000001774,0.9999999977,0.9999997926,0.9999996024,0.9999994645,0.9999994124,0.9999996622,0.9999996856,0.99999975,0.9999998412,0.9999999416,1.0000000367,1.0000001181,1.0000001852,1.0000002426,1.0000002962,1.0000003478,1.0000003912,1.0000004133,1.0000003957,1.0000003251,1.0000001945,1.0000000158,0.9999998115,0.999999622,0.9999994845,0.9999994325,0.9999997275,0.99999975,0.9999998121,0.9999998996,0.9999999957,1.000000086,1.000000163,1.0000002263,1.000000281,1.0000003331,1.0000003844,1.0000004288,1.0000004526,1.0000004375,1.0000003696,1.000000242,1.0000000658,0.9999998638,0.9999996761,0.9999995398,0.9999994882,0.9999998199,0.9999998412,0.9999998996,0.9999999817,1.0000000711,1.0000001543,1.0000002245,1.000000282,1.0000003326,1.0000003825,1.0000004336,1.0000004793,1.0000005061,1.0000004946,1.0000004309,1.0000003072,1.0000001349,0.9999999361,0.999999751,0.9999996164,0.9999995653,0.9999999219,0.9999999416,0.9999999957,1.0000000711,1.0000001524,1.0000002271,1.0000002893,1.0000003401,1.000000386,1.0000004336,1.0000004845,1.0000005323,1.0000005625,1.0000005555,1.0000004965,1.0000003775,1.0000002093,1.0000000142,0.9999998318,0.9999996989,0.9999996484,1.0000000187,1.0000000367,1.000000086,1.0000001543,1.0000002271,1.000000293,1.000000347,1.0000003911,1.0000004326,1.000000478,1.0000005295,1.0000005794,1.0000006134,1.0000006107,1.0000005564,1.0000004414,1.0000002769,1.0000000846,0.9999999044,0.9999997728,0.9999997227,1.0000001017,1.0000001181,1.000000163,1.0000002245,1.0000002893,1.000000347,1.0000003936,1.000000432,1.00000047,1.0000005142,1.0000005663,1.0000006189,1.0000006561,1.0000006571,1.0000006058,1.0000004936,1.0000003309,1.0000001399,0.9999999606,0.9999998295,0.9999997796,1.0000001701,1.0000001852,1.0000002263,1.000000282,1.0000003401,1.0000003911,1.000000432,1.0000004664,1.0000005022,1.0000005459,1.0000005994,1.0000006537,1.0000006934,1.0000006958,1.0000006455,1.0000005329,1.0000003693,1.0000001769,0.9999999963,0.9999998644,0.9999998142,1.0000002286,1.0000002426,1.000000281,1.0000003326,1.000000386,1.0000004326,1.00000047,1.0000005022,1.0000005371,1.0000005812,1.0000006356,1.000000691,1.0000007305,1.0000007319,1.0000006785,1.0000005618,1.0000003931,1.0000001958,1.0000000109,0.9999998763,0.9999998252,1.0000002828,1.0000002962,1.0000003331,1.0000003825,1.0000004336,1.000000478,1.0000005142,1.0000005459,1.0000005812,1.0000006258,1.0000006804,1.0000007345,1.0000007711,1.0000007668,1.0000007059,1.0000005795,1.0000004008,1.0000001938,1.0000000012,0.9999998615,0.9999998088,1.0000003344,1.0000003478,1.0000003844,1.0000004336,1.0000004845,1.0000005295,1.0000005663,1.0000005994,1.0000006356,1.0000006804,1.0000007331,1.0000007831,1.0000008123,1.0000007977,1.000000723,1.0000005814,1.0000003864,1.0000001648,0.9999999603,0.999999813,0.9999997578,1.0000003776,1.0000003912,1.0000004288,1.0000004793,1.0000005323,1.0000005794,1.0000006189,1.0000006537,1.000000691,1.0000007345,1.0000007831,1.0000008251,1.0000008422,1.0000008111,1.0000007168,1.0000005531,1.000000336,1.0000000942,0.9999998735,0.9999997159,0.9999996573,1.0000003989,1.0000004133,1.0000004526,1.0000005061,1.0000005625,1.0000006134,1.0000006561,1.0000006934,1.0000007305,1.0000007711,1.0000008123,1.0000008422,1.0000008418,1.0000007888,1.0000006683,1.0000004767,1.0000002315,0.9999999645,0.9999997237,0.9999995533,0.9999994906,1.0000003805,1.0000003957,1.0000004375,1.0000004946,1.0000005555,1.0000006107,1.0000006571,1.0000006958,1.0000007319,1.0000007668,1.0000007977,1.0000008111,1.0000007888,1.0000007086,1.000000557,1.0000003322,1.0000000542,0.9999997578,0.9999994936,0.9999993085,0.9999992409,1.0000003089,1.0000003251,1.0000003696,1.0000004309,1.0000004965,1.0000005564,1.0000006058,1.0000006455,1.0000006785,1.0000007059,1.000000723,1.0000007168,1.0000006683,1.000000557,1.0000003702,1.0000001088,0.9999997949,0.9999994666,0.9999991769,0.9999989758,0.999998903,1.0000001774,1.0000001945,1.000000242,1.0000003072,1.0000003775,1.0000004414,1.0000004936,1.0000005329,1.0000005618,1.0000005795,1.0000005814,1.0000005531,1.0000004767,1.0000003322,1.0000001088,0.9999998099,0.9999994593,0.9999990984,0.9999987828,0.9999985653,0.9999984873,0.9999999977,1.0000000158,1.0000000658,1.0000001349,1.0000002093,1.0000002769,1.0000003309,1.0000003693,1.0000003931,1.0000004008,1.0000003864,1.000000336,1.0000002315,1.0000000542,0.9999997949,0.9999994593,0.9999990735,0.9999986816,0.9999983413,0.9999981083,0.9999980252,0.9999997926,0.9999998115,0.9999998638,0.9999999361,1.0000000142,1.0000000846,1.0000001399,1.0000001769,1.0000001958,1.0000001938,1.0000001648,1.0000000942,0.9999999645,0.9999997578,0.9999994666,0.9999990984,0.9999986816,0.999998263,0.9999979012,0.9999976546,0.9999975672,0.9999996024,0.999999622,0.9999996761,0.999999751,0.9999998318,0.9999999044,0.9999999606,0.9999999963,1.0000000109,1.0000000012,0.9999999603,0.9999998735,0.9999997237,0.9999994936,0.9999991769,0.9999987828,0.9999983413,0.9999979012,0.9999975225,0.9999972653,0.9999971746,0.9999994645,0.9999994845,0.9999995398,0.9999996164,0.9999996989,0.9999997728,0.9999998295,0.9999998644,0.9999998763,0.9999998615,0.999999813,0.9999997159,0.9999995533,0.9999993085,0.9999989758,0.9999985653,0.9999981083,0.9999976546,0.9999972653,0.999997002,0.9999969094,0.9999994124,0.9999994325,0.9999994882,0.9999995653,0.9999996484,0.9999997227,0.9999997796,0.9999998142,0.9999998252,0.9999998088,0.9999997578,0.9999996573,0.9999994906,0.9999992409,0.999998903,0.9999984873,0.9999980252,0.9999975672,0.9999971746,0.9999969094,0.9999968163]}
var.q Grid {getGrid = [0.999999713,0.9999997367,0.9999998026,0.9999998971,1.0000000033,1.0000001062,1.0000001963,1.0000002713,1.0000003347,1.000000392,1.0000004474,1.0000004994,1.0000005414,1.0000005621,1.0000005518,1.0000005051,1.0000004268,1.0000003302,1.0000002367,1.0000001685,1.0000001435,0.9999997367,0.9999997601,0.9999998248,0.9999999177,1.0000000219,1.0000001227,1.0000002108,1.000000284,1.0000003459,1.0000004021,1.0000004569,1.0000005085,1.0000005503,1.0000005708,1.0000005604,1.0000005136,1.000000435,1.000000338,1.0000002441,1.0000001757,1.0000001506,0.9999998026,0.9999998248,0.9999998865,0.9999999747,1.0000000734,1.0000001682,1.0000002506,1.0000003187,1.0000003766,1.0000004299,1.0000004828,1.0000005334,1.0000005747,1.000000595,1.0000005841,1.0000005367,1.0000004572,1.0000003592,1.0000002643,1.000000195,1.0000001697,0.9999998971,0.9999999177,0.9999999747,1.000000056,1.0000001463,1.0000002322,1.0000003062,1.0000003669,1.0000004191,1.0000004684,1.000000519,1.0000005684,1.0000006092,1.000000629,1.0000006176,1.0000005691,1.000000488,1.0000003881,1.0000002913,1.0000002207,1.0000001949,1.0000000033,1.0000000219,1.0000000734,1.0000001463,1.0000002265,1.000000302,1.0000003662,1.0000004186,1.0000004646,1.0000005098,1.0000005582,1.0000006068,1.0000006474,1.000000667,1.0000006546,1.0000006043,1.0000005207,1.0000004177,1.0000003182,1.0000002457,1.0000002192,1.0000001062,1.0000001227,1.0000001682,1.0000002322,1.000000302,1.0000003668,1.0000004212,1.0000004658,1.0000005062,1.0000005483,1.0000005955,1.0000006441,1.000000685,1.0000007043,1.0000006905,1.0000006373,1.0000005498,1.0000004426,1.0000003392,1.0000002641,1.0000002367,1.0000001963,1.0000002108,1.0000002506,1.0000003062,1.0000003662,1.0000004212,1.000000467,1.0000005052,1.0000005418,1.0000005825,1.00000063,1.0000006795,1.0000007211,1.0000007397,1.0000007235,1.0000006659,1.0000005727,1.0000004594,1.0000003507,1.0000002719,1.0000002432,1.0000002713,1.000000284,1.0000003187,1.0000003669,1.0000004186,1.0000004658,1.0000005052,1.0000005393,1.0000005744,1.0000006154,1.0000006646,1.0000007158,1.0000007579,1.0000007749,1.0000007542,1.00000069,1.0000005884,1.0000004665,1.0000003503,1.0000002664,1.0000002359,1.0000003347,1.0000003459,1.0000003766,1.0000004191,1.0000004646,1.0000005062,1.0000005418,1.0000005744,1.0000006096,1.0000006525,1.0000007042,1.000000757,1.0000007985,1.0000008116,1.0000007838,1.0000007093,1.0000005957,1.0000004617,1.0000003352,1.0000002443,1.0000002113,1.000000392,1.0000004021,1.0000004299,1.0000004684,1.0000005098,1.0000005483,1.0000005825,1.0000006154,1.0000006525,1.0000006981,1.0000007519,1.0000008048,1.0000008432,1.000000849,1.0000008096,1.0000007202,1.0000005899,1.0000004394,1.000000299,1.0000001989,1.0000001626,1.0000004474,1.0000004569,1.0000004828,1.000000519,1.0000005582,1.0000005955,1.00000063,1.0000006646,1.0000007042,1.0000007519,1.0000008056,1.0000008556,1.0000008868,1.0000008803,1.0000008239,1.0000007136,1.0000005609,1.0000003888,1.0000002305,1.0000001185,1.0000000781,1.0000004994,1.0000005085,1.0000005334,1.0000005684,1.0000006068,1.0000006441,1.0000006795,1.0000007158,1.000000757,1.0000008048,1.0000008556,1.0000008983,1.0000009169,1.000000892,1.0000008119,1.0000006742,1.0000004927,1.0000002936,1.000000113,0.9999999865,0.999999941,1.0000005414,1.0000005503,1.0000005747,1.0000006092,1.0000006474,1.000000685,1.0000007211,1.0000007579,1.0000007985,1.0000008432,1.0000008868,1.0000009169,1.0000009161,1.0000008659,1.0000007554,1.0000005835,1.000000367,1.0000001356,0.9999999287,0.999999785,0.9999997335,1.0000005621,1.0000005708,1.000000595,1.000000629,1.000000667,1.0000007043,1.0000007397,1.0000007749,1.0000008116,1.000000849,1.0000008803,1.000000892,1.0000008659,1.0000007841,1.0000006367,1.0000004247,1.0000001679,0.9999998996,0.9999996629,0.9999994999,0.9999994417,1.0000005518,1.0000005604,1.0000005841,1.0000006176,1.0000006546,1.0000006905,1.0000007235,1.0000007542,1.0000007838,1.0000008096,1.0000008239,1.0000008119,1.0000007554,1.0000006367,1.000000447,1.0000001905,0.9999998898,0.9999995816,0.999999313,0.9999991292,0.9999990639,1.0000005051,1.0000005136,1.0000005367,1.0000005691,1.0000006043,1.0000006373,1.0000006659,1.00000069,1.0000007093,1.0000007202,1.0000007136,1.0000006742,1.0000005835,1.0000004247,1.0000001905,0.9999998877,0.9999995418,0.9999991929,0.9999988918,0.9999986869,0.9999986143,1.0000004268,1.000000435,1.0000004572,1.000000488,1.0000005207,1.0000005498,1.0000005727,1.0000005884,1.0000005957,1.0000005899,1.0000005609,1.0000004927,1.000000367,1.0000001679,0.9999998898,0.9999995418,0.9999991521,0.9999987642,0.9999984322,0.9999982073,0.9999981278,1.0000003302,1.000000338,1.0000003592,1.0000003881,1.0000004177,1.0000004426,1.0000004594,1.0000004665,1.0000004617,1.0000004394,1.0000003888,1.0000002936,1.0000001356,0.9999998996,0.9999995816,0.9999991929,0.9999987642,0.999998342,0.9999979827,0.9999977402,0.9999976548,1.0000002367,1.0000002441,1.0000002643,1.0000002913,1.0000003182,1.0000003392,1.0000003507,1.0000003503,1.0000003352,1.000000299,1.0000002305,1.000000113,0.9999999287,0.9999996629,0.999999313,0.9999988918,0.9999984322,0.9999979827,0.9999976017,0.9999973455,0.9999972556,1.0000001685,1.0000001757,1.000000195,1.0000002207,1.0000002457,1.0000002641,1.0000002719,1.0000002664,1.0000002443,1.0000001989,1.0000001185,0.9999999865,0.999999785,0.9999994999,0.9999991292,0.9999986869,0.9999982073,0.9999977402,0.9999973455,0.9999970813,0.9999969888,1.0000001435,1.0000001506,1.0000001697,1.0000001949,1.0000002192,1.0000002367,1.0000002432,1.0000002359,1.0000002113,1.0000001626,1.0000000781,0.999999941,0.9999997335,0.9999994417,0.9999990639,0.9999986143,0.9999981278,0.9999976548,0.9999972556,0.9999969888,0.9999968956]}
var.w Grid {getGrid = [9.87688152e-2,9.87838845e-2,9.88274974e-2,9.8895524e-2,9.89812099e-2,9.9076336e-2,9.91714291e-2,9.92573656e-2,9.93254916e-2,9.93693574e-2,9.93843712e-2,9.936936e-2,9.93254675e-2,9.92573746e-2,9.91713877e-2,9.90763453e-2,9.89811554e-2,9.88954969e-2,9.88273142e-2,9.87837944e-2,9.87691908e-2,9.87838845e-2,9.87988665e-2,9.88422832e-2,9.8910013e-2,9.89952864e-2,9.90899026e-2,9.91843953e-2,9.92696595e-2,9.93370546e-2,9.93801516e-2,9.93943754e-2,9.93785746e-2,9.93339107e-2,9.92650857e-2,9.91784224e-2,9.90827776e-2,9.89870727e-2,9.89010006e-2,9.88325143e-2,9.87888101e-2,9.87741457e-2,9.88274974e-2,9.88422832e-2,9.88851901e-2,9.89520412e-2,9.90360812e-2,9.91291787e-2,9.92218835e-2,9.93051464e-2,9.93703659e-2,9.94111746e-2,9.94230468e-2,9.94048962e-2,9.93579367e-2,9.9286933e-2,9.91982566e-2,9.91008194e-2,9.9003582e-2,9.89162791e-2,9.88468894e-2,9.88026365e-2,9.87877914e-2,9.8895524e-2,9.8910013e-2,9.89520412e-2,9.90173674e-2,9.90993825e-2,9.91900007e-2,9.92797746e-2,9.93597582e-2,9.94214103e-2,9.94584676e-2,9.9466484e-2,9.94444809e-2,9.93937572e-2,9.93191816e-2,9.92272048e-2,9.9126829e-2,9.90270792e-2,9.89377585e-2,9.88668878e-2,9.88217354e-2,9.88065943e-2,9.89812099e-2,9.89952864e-2,9.90360812e-2,9.90993825e-2,9.91787364e-2,9.92659674e-2,9.93517186e-2,9.9427218e-2,9.94839912e-2,9.95159217e-2,9.95186682e-2,9.94914015e-2,9.94355351e-2,9.93560803e-2,9.92595951e-2,9.91552059e-2,9.90520246e-2,9.89599485e-2,9.88870548e-2,9.88406744e-2,9.88251296e-2,9.9076336e-2,9.90899026e-2,9.91291787e-2,9.91900007e-2,9.92659674e-2,9.93488489e-2,9.94295927e-2,9.9499537e-2,9.95502448e-2,9.95758048e-2,9.95719989e-2,9.95381895e-2,9.9475929e-2,9.93904093e-2,9.92883193e-2,9.91789417e-2,9.9071495e-2,9.89759942e-2,9.89005859e-2,9.88526794e-2,9.88366339e-2,9.91714291e-2,9.91843953e-2,9.92218835e-2,9.92797746e-2,9.93517186e-2,9.94295927e-2,9.95046344e-2,9.95680749e-2,9.96116459e-2,9.96297374e-2,9.96182467e-2,9.95767707e-2,9.95070165e-2,9.94143924e-2,9.93057362e-2,9.91905167e-2,9.90780739e-2,9.89785632e-2,9.89002095e-2,9.88505167e-2,9.88338865e-2,9.92573656e-2,9.92696595e-2,9.93051464e-2,9.93597582e-2,9.9427218e-2,9.9499537e-2,9.95680749e-2,9.96240135e-2,9.96595616e-2,9.96693073e-2,9.96491986e-2,9.95991319e-2,9.95209745e-2,9.94203873e-2,9.93043689e-2,9.91826016e-2,9.90645578e-2,9.89605529e-2,9.88788969e-2,9.88272026e-2,9.88099196e-2,9.93254916e-2,9.93370546e-2,9.93703659e-2,9.94214103e-2,9.94839912e-2,9.95502448e-2,9.96116459e-2,9.96595616e-2,9.96866523e-2,9.96873757e-2,9.96578852e-2,9.9598504e-2,9.95112287e-2,9.94020113e-2,9.92780109e-2,9.91491494e-2,9.90250354e-2,9.8916162e-2,9.88309268e-2,9.87770656e-2,9.87590791e-2,9.93693574e-2,9.93801516e-2,9.94111746e-2,9.94584676e-2,9.95159217e-2,9.95758048e-2,9.96297374e-2,9.96693073e-2,9.96873757e-2,9.96783146e-2,9.96389043e-2,9.95697636e-2,9.94728944e-2,9.93546078e-2,9.92222102e-2,9.90858912e-2,9.89553922e-2,9.88414008e-2,9.87523996e-2,9.86962616e-2,9.8677541e-2,9.93843712e-2,9.93943754e-2,9.94230468e-2,9.9466484e-2,9.95186682e-2,9.95719989e-2,9.96182467e-2,9.96491986e-2,9.96578852e-2,9.96389043e-2,9.95896547e-2,9.95105771e-2,9.94038261e-2,9.92762459e-2,9.9135231e-2,9.89912716e-2,9.88542255e-2,9.87349914e-2,9.86421278e-2,9.85836595e-2,9.85641946e-2,9.936936e-2,9.93785746e-2,9.94048962e-2,9.94444809e-2,9.94914015e-2,9.95381895e-2,9.95767707e-2,9.95991319e-2,9.9598504e-2,9.95697636e-2,9.95105771e-2,9.94211884e-2,9.93044609e-2,9.91676452e-2,9.90180167e-2,9.88664374e-2,9.87228497e-2,9.8598384e-2,9.85016586e-2,9.84408674e-2,9.84206711e-2,9.93254675e-2,9.93339107e-2,9.93579367e-2,9.93937572e-2,9.94355351e-2,9.9475929e-2,9.95070165e-2,9.95209745e-2,9.95112287e-2,9.94728944e-2,9.94038261e-2,9.93044609e-2,9.91784354e-2,9.90327638e-2,9.88746905e-2,9.87156954e-2,9.85657222e-2,9.84361624e-2,9.83356658e-2,9.82726167e-2,9.82517249e-2,9.92573746e-2,9.92650857e-2,9.9286933e-2,9.93191816e-2,9.93560803e-2,9.93904093e-2,9.94143924e-2,9.94203873e-2,9.94020113e-2,9.93546078e-2,9.92762459e-2,9.91676452e-2,9.90327638e-2,9.88782207e-2,9.87119336e-2,9.85459515e-2,9.83899066e-2,9.82555238e-2,9.81514374e-2,9.80862554e-2,9.80647299e-2,9.91713877e-2,9.91784224e-2,9.91982566e-2,9.92272048e-2,9.92595951e-2,9.92883193e-2,9.93057362e-2,9.93043689e-2,9.92780109e-2,9.92222102e-2,9.9135231e-2,9.90180167e-2,9.88746905e-2,9.87119336e-2,9.85385719e-2,9.83664207e-2,9.82047383e-2,9.80659285e-2,9.79585134e-2,9.78913809e-2,9.78693127e-2,9.90763453e-2,9.90827776e-2,9.91008194e-2,9.9126829e-2,9.91552059e-2,9.91789417e-2,9.91905167e-2,9.91826016e-2,9.91491494e-2,9.90858912e-2,9.89912716e-2,9.88664374e-2,9.87156954e-2,9.85459515e-2,9.83664207e-2,9.8188274e-2,9.80212166e-2,9.78784878e-2,9.77680593e-2,9.76992101e-2,9.76767254e-2,9.89811554e-2,9.89870727e-2,9.9003582e-2,9.90270792e-2,9.90520246e-2,9.9071495e-2,9.90780739e-2,9.90645578e-2,9.90250354e-2,9.89553922e-2,9.88542255e-2,9.87228497e-2,9.85657222e-2,9.83899066e-2,9.82047383e-2,9.80212166e-2,9.78500404e-2,9.77044045e-2,9.75913506e-2,9.7521103e-2,9.74983898e-2,9.88954969e-2,9.89010006e-2,9.89162791e-2,9.89377585e-2,9.89599485e-2,9.89759942e-2,9.89785632e-2,9.89605529e-2,9.8916162e-2,9.88414008e-2,9.87349914e-2,9.8598384e-2,9.84361624e-2,9.82555238e-2,9.80659285e-2,9.78784878e-2,9.77044045e-2,9.75559967e-2,9.74401754e-2,9.73688959e-2,9.73462401e-2,9.88273142e-2,9.88325143e-2,9.88468894e-2,9.88668878e-2,9.88870548e-2,9.89005859e-2,9.89002095e-2,9.88788969e-2,9.88309268e-2,9.87523996e-2,9.86421278e-2,9.85016586e-2,9.83356658e-2,9.81514374e-2,9.79585134e-2,9.77680593e-2,9.75913506e-2,9.74401754e-2,9.73224864e-2,9.72516268e-2,9.72296971e-2,9.87837944e-2,9.87888101e-2,9.88026365e-2,9.88217354e-2,9.88406744e-2,9.88526794e-2,9.88505167e-2,9.88272026e-2,9.87770656e-2,9.86962616e-2,9.85836595e-2,9.84408674e-2,9.82726167e-2,9.80862554e-2,9.78913809e-2,9.76992101e-2,9.7521103e-2,9.73688959e-2,9.72516268e-2,9.71828536e-2,9.71621654e-2,9.87691908e-2,9.87741457e-2,9.87877914e-2,9.88065943e-2,9.88251296e-2,9.88366339e-2,9.88338865e-2,9.88099196e-2,9.87590791e-2,9.8677541e-2,9.85641946e-2,9.84206711e-2,9.82517249e-2,9.80647299e-2,9.78693127e-2,9.76767254e-2,9.74983898e-2,9.73462401e-2,9.72296971e-2,9.71621654e-2,9.71421072e-2]}
res.G01 Grid {getGrid = [-2.87e-7,1.5e-9,3.2e-9,-2.42e-8,-3.33e-8,-8.35e-8,-6.84e-8,-1.03e-7,-7.2e-8,-8.78e-8,-4.11e-8,-5.07e-8,-7.5e-9,-3.99e-8,-2.72e-8,-1.011e-7,-1.158e-7,-1.941e-7,-1.713e-7,-1.346e-7,1.435e-7,1.5e-9,-2.75e-8,-1.676e-7,-2.256e-7,-1.995e-7,-2.087e-7,-1.499e-7,-1.224e-7,-4.89e-8,4.2e-9,8.33e-8,1.475e-7,2.233e-7,2.822e-7,3.452e-7,3.835e-7,4.168e-7,4.126e-7,3.755e-7,2.967e-7,2.894e-7,3.2e-9,-1.676e-7,-1.054e-7,-2.19e-7,-1.886e-7,-1.855e-7,-1.496e-7,-1.083e-7,-5.09e-8,5.7e-9,7.73e-8,1.386e-7,2.095e-7,2.655e-7,3.203e-7,3.595e-7,3.782e-7,3.707e-7,3.414e-7,3.514e-7,3.605e-7,-2.42e-8,-2.256e-7,-2.19e-7,-1.284e-7,-1.464e-7,-1.466e-7,-1.169e-7,-9.03e-8,-4.0e-8,9.7e-9,6.95e-8,1.287e-7,1.87e-7,2.383e-7,2.853e-7,3.109e-7,3.261e-7,3.143e-7,3.316e-7,3.588e-7,3.666e-7,-3.33e-8,-1.995e-7,-1.886e-7,-1.464e-7,-1.22e-7,-1.382e-7,-9.77e-8,-7.69e-8,-3.22e-8,6.4e-9,6.27e-8,1.072e-7,1.6e-7,1.995e-7,2.329e-7,2.533e-7,2.588e-7,2.845e-7,3.176e-7,3.358e-7,3.393e-7,-8.35e-8,-2.087e-7,-1.855e-7,-1.466e-7,-1.382e-7,-1.077e-7,-7.48e-8,-5.69e-8,-2.31e-8,1.16e-8,5.02e-8,9.12e-8,1.254e-7,1.563e-7,1.771e-7,1.892e-7,2.115e-7,2.351e-7,2.571e-7,2.704e-7,2.735e-7,-6.84e-8,-1.499e-7,-1.496e-7,-1.169e-7,-9.77e-8,-7.48e-8,-7.81e-8,-6.08e-8,-2.14e-8,2.2e-9,3.99e-8,6.07e-8,9.31e-8,1.04e-7,1.21e-7,1.303e-7,1.495e-7,1.667e-7,1.828e-7,1.893e-7,1.893e-7,-1.03e-7,-1.224e-7,-1.083e-7,-9.03e-8,-7.69e-8,-5.69e-8,-6.08e-8,-6.44e-8,-2.25e-8,-4.4e-9,1.91e-8,4.08e-8,5.08e-8,6.24e-8,6.26e-8,7.01e-8,7.43e-8,8.14e-8,8.49e-8,8.8e-8,8.84e-8,-7.2e-8,-4.89e-8,-5.09e-8,-4.0e-8,-3.22e-8,-2.31e-8,-2.14e-8,-2.25e-8,-5.21e-8,-3.16e-8,-6.0e-9,4.4e-9,1.64e-8,6.8e-9,9.6e-9,-5.2e-9,-5.7e-9,-1.54e-8,-1.47e-8,-1.77e-8,-2.09e-8,-8.78e-8,4.2e-9,5.7e-9,9.7e-9,6.4e-9,1.16e-8,2.2e-9,-4.4e-9,-3.16e-8,-7.14e-8,-3.51e-8,-3.05e-8,-3.0e-8,-3.48e-8,-5.63e-8,-7.07e-8,-9.67e-8,-1.089e-7,-1.234e-7,-1.302e-7,-1.327e-7,-4.11e-8,8.33e-8,7.73e-8,6.95e-8,6.27e-8,5.02e-8,3.99e-8,1.91e-8,-6.0e-9,-3.51e-8,-9.4e-8,-8.02e-8,-7.72e-8,-9.1e-8,-1.092e-7,-1.501e-7,-1.737e-7,-2.104e-7,-2.257e-7,-2.392e-7,-2.455e-7,-5.07e-8,1.475e-7,1.386e-7,1.287e-7,1.072e-7,9.12e-8,6.07e-8,4.08e-8,4.4e-9,-3.05e-8,-8.02e-8,-1.489e-7,-1.24e-7,-1.404e-7,-1.715e-7,-2.057e-7,-2.576e-7,-2.909e-7,-3.257e-7,-3.432e-7,-3.482e-7,-7.5e-9,2.233e-7,2.095e-7,1.87e-7,1.6e-7,1.254e-7,9.31e-8,5.08e-8,1.64e-8,-3.0e-8,-7.72e-8,-1.24e-7,-1.96e-7,-1.976e-7,-2.221e-7,-2.661e-7,-3.126e-7,-3.748e-7,-4.094e-7,-4.355e-7,-4.439e-7,-3.99e-8,2.822e-7,2.655e-7,2.383e-7,1.995e-7,1.563e-7,1.04e-7,6.24e-8,6.8e-9,-3.48e-8,-9.1e-8,-1.404e-7,-1.976e-7,-2.784e-7,-2.692e-7,-3.044e-7,-3.671e-7,-4.217e-7,-4.815e-7,-5.109e-7,-5.168e-7,-2.72e-8,3.452e-7,3.203e-7,2.853e-7,2.329e-7,1.771e-7,1.21e-7,6.26e-8,9.6e-9,-5.63e-8,-1.092e-7,-1.715e-7,-2.221e-7,-2.692e-7,-3.319e-7,-3.438e-7,-3.923e-7,-4.631e-7,-5.245e-7,-5.661e-7,-5.723e-7,-1.011e-7,3.835e-7,3.595e-7,3.109e-7,2.533e-7,1.892e-7,1.303e-7,7.01e-8,-5.2e-9,-7.07e-8,-1.501e-7,-2.057e-7,-2.661e-7,-3.044e-7,-3.438e-7,-4.084e-7,-4.156e-7,-4.644e-7,-5.499e-7,-5.887e-7,-5.869e-7,-1.158e-7,4.168e-7,3.782e-7,3.261e-7,2.588e-7,2.115e-7,1.495e-7,7.43e-8,-5.7e-9,-9.67e-8,-1.737e-7,-2.576e-7,-3.126e-7,-3.671e-7,-3.923e-7,-4.156e-7,-4.402e-7,-4.565e-7,-5.297e-7,-5.756e-7,-5.618e-7,-1.941e-7,4.126e-7,3.707e-7,3.143e-7,2.845e-7,2.351e-7,1.667e-7,8.14e-8,-1.54e-8,-1.089e-7,-2.104e-7,-2.909e-7,-3.748e-7,-4.217e-7,-4.631e-7,-4.644e-7,-4.565e-7,-4.669e-7,-5.213e-7,-5.203e-7,-4.813e-7,-1.713e-7,3.755e-7,3.414e-7,3.316e-7,3.176e-7,2.571e-7,1.828e-7,8.49e-8,-1.47e-8,-1.234e-7,-2.257e-7,-3.257e-7,-4.094e-7,-4.815e-7,-5.245e-7,-5.499e-7,-5.297e-7,-5.213e-7,-5.13e-7,-4.565e-7,-4.169e-7,-1.346e-7,2.967e-7,3.514e-7,3.588e-7,3.358e-7,2.704e-7,1.893e-7,8.8e-8,-1.77e-8,-1.302e-7,-2.392e-7,-3.432e-7,-4.355e-7,-5.109e-7,-5.661e-7,-5.887e-7,-5.756e-7,-5.203e-7,-4.565e-7,-2.365e-7,-1.94e-7,1.435e-7,2.894e-7,3.605e-7,3.666e-7,3.393e-7,2.736e-7,1.893e-7,8.84e-8,-2.09e-8,-1.327e-7,-2.455e-7,-3.482e-7,-4.439e-7,-5.168e-7,-5.723e-7,-5.869e-7,-5.618e-7,-4.813e-7,-4.169e-7,-1.94e-7,-5.34e-8]}
res.G22 Grid {getGrid = [-3.615e-7,-3.378e-7,-2.725e-7,-1.801e-7,-7.81e-8,1.87e-8,1.017e-7,1.701e-7,2.286e-7,2.828e-7,3.344e-7,3.776e-7,3.989e-7,3.805e-7,3.089e-7,1.774e-7,-2.3e-9,-2.074e-7,-3.976e-7,-5.355e-7,-5.876e-7,-3.378e-7,-1.59e-8,-4.36e-8,-5.0e-10,1.15e-8,2.14e-8,1.61e-8,1.78e-8,1.17e-8,1.14e-8,6.5e-9,7.0e-9,5.1e-9,8.2e-9,9.7e-9,1.5e-8,1.75e-8,2.11e-8,1.88e-8,1.14e-8,2.0e-10,-2.725e-7,-4.36e-8,-1.284e-7,-1.072e-7,-5.67e-8,-7.3e-9,-8.1e-9,2.77e-8,2.5e-9,3.36e-8,9.0e-10,3.48e-8,4.8e-9,4.64e-8,2.35e-8,7.18e-8,4.99e-8,8.97e-8,4.27e-8,4.22e-8,-7.7e-9,-1.801e-7,-5.0e-10,-1.072e-7,-1.231e-7,-1.087e-7,-6.28e-8,-1.37e-8,-2.7e-9,2.42e-8,1.37e-8,3.36e-8,2.12e-8,4.85e-8,4.81e-8,8.98e-8,1.003e-7,1.383e-7,1.183e-7,9.05e-8,2.05e-8,4.7e-9,-7.81e-8,1.15e-8,-5.67e-8,-1.087e-7,-1.309e-7,-9.33e-8,-7.54e-8,-1.25e-8,-2.32e-8,2.69e-8,2.0e-10,5.16e-8,3.14e-8,1.002e-7,9.94e-8,1.76e-7,1.545e-7,1.625e-7,6.74e-8,4.52e-8,-7.6e-9,1.87e-8,2.14e-8,-7.3e-9,-6.28e-8,-9.33e-8,-9.78e-8,-6.33e-8,-6.11e-8,-1.25e-8,-2.6e-8,1.95e-8,5.5e-9,6.42e-8,7.39e-8,1.506e-7,1.607e-7,1.867e-7,1.241e-7,8.68e-8,1.53e-8,5.8e-9,1.017e-7,1.61e-8,-8.1e-9,-1.37e-8,-7.54e-8,-6.33e-8,-8.91e-8,-3.86e-8,-7.53e-8,-1.44e-8,-5.01e-8,1.93e-8,4.6e-9,9.71e-8,1.02e-7,1.729e-7,1.301e-7,1.317e-7,4.97e-8,3.75e-8,-7.2e-9,1.701e-7,1.78e-8,2.77e-8,-2.7e-9,-1.25e-8,-6.11e-8,-3.86e-8,-6.44e-8,-2.59e-8,-7.81e-8,-3.41e-8,-6.11e-8,1.02e-8,1.9e-8,9.76e-8,9.81e-8,1.264e-7,8.27e-8,6.37e-8,1.13e-8,4.8e-9,2.286e-7,1.17e-8,2.5e-9,2.42e-8,-2.32e-8,-1.25e-8,-7.53e-8,-2.59e-8,-6.66e-8,-3.14e-8,-1.106e-7,-5.56e-8,-8.07e-8,3.2e-9,1.13e-8,8.04e-8,6.92e-8,8.42e-8,3.79e-8,2.36e-8,-3.6e-9,2.828e-7,1.14e-8,3.36e-8,1.37e-8,2.69e-8,-2.6e-8,-1.44e-8,-7.81e-8,-3.14e-8,-7.35e-8,-5.54e-8,-1.328e-7,-9.0e-8,-8.81e-8,-1.67e-8,1.25e-8,5.49e-8,5.35e-8,3.9e-8,1.7e-8,3.0e-10,3.344e-7,6.5e-9,9.0e-10,3.36e-8,2.0e-10,1.95e-8,-5.01e-8,-3.41e-8,-1.106e-7,-5.54e-8,-9.96e-8,-9.73e-8,-1.687e-7,-1.164e-7,-9.41e-8,-2.44e-8,1.62e-8,3.8e-8,3.79e-8,6.1e-9,2.9e-9,3.776e-7,7.0e-9,3.48e-8,2.12e-8,5.16e-8,5.5e-9,1.93e-8,-6.11e-8,-5.56e-8,-1.328e-7,-9.73e-8,-1.399e-7,-1.558e-7,-1.861e-7,-1.498e-7,-8.13e-8,-3.21e-8,2.75e-8,1.02e-8,3.1e-8,-6.9e-9,3.989e-7,5.1e-9,4.8e-9,4.85e-8,3.14e-8,6.42e-8,4.6e-9,1.02e-8,-8.07e-8,-9.0e-8,-1.687e-7,-1.558e-7,-1.866e-7,-2.205e-7,-2.19e-7,-1.633e-7,-6.64e-8,-2.7e-8,3.65e-8,-1.37e-8,1.05e-8,3.805e-7,8.2e-9,4.64e-8,4.81e-8,1.002e-7,7.39e-8,9.71e-8,1.9e-8,3.2e-9,-8.81e-8,-1.164e-7,-1.861e-7,-2.205e-7,-2.466e-7,-2.915e-7,-2.232e-7,-1.81e-7,-3.71e-8,-3.74e-8,4.66e-8,-1.45e-8,3.089e-7,9.7e-9,2.35e-8,8.98e-8,9.94e-8,1.506e-7,1.02e-7,9.76e-8,1.13e-8,-1.67e-8,-9.41e-8,-1.498e-7,-2.19e-7,-2.915e-7,-2.956e-7,-3.569e-7,-2.359e-7,-1.554e-7,2.9e-9,-3.53e-8,1.65e-8,1.774e-7,1.5e-8,7.18e-8,1.003e-7,1.76e-7,1.607e-7,1.729e-7,9.81e-8,8.04e-8,1.25e-8,-2.44e-8,-8.13e-8,-1.633e-7,-2.232e-7,-3.569e-7,-3.557e-7,-4.031e-7,-2.106e-7,-1.547e-7,5.19e-8,-1.89e-8,-2.3e-9,1.75e-8,4.99e-8,1.383e-7,1.545e-7,1.867e-7,1.301e-7,1.264e-7,6.92e-8,5.49e-8,1.62e-8,-3.21e-8,-6.64e-8,-1.81e-7,-2.359e-7,-4.031e-7,-3.841e-7,-4.209e-7,-1.491e-7,-5.45e-8,1.95e-8,-2.074e-7,2.11e-8,8.97e-8,1.183e-7,1.625e-7,1.241e-7,1.317e-7,8.27e-8,8.42e-8,5.35e-8,3.8e-8,2.75e-8,-2.7e-8,-3.71e-8,-1.554e-7,-2.106e-7,-4.209e-7,-4.034e-7,-4.19e-7,-6.5e-9,-1.28e-8,-3.976e-7,1.88e-8,4.27e-8,9.05e-8,6.74e-8,8.68e-8,4.97e-8,6.37e-8,3.79e-8,3.9e-8,3.79e-8,1.02e-8,3.65e-8,-3.74e-8,2.9e-9,-1.547e-7,-1.491e-7,-4.19e-7,-3.859e-7,-2.636e-7,1.36e-8,-5.355e-7,1.14e-8,4.21e-8,2.05e-8,4.52e-8,1.53e-8,3.75e-8,1.13e-8,2.36e-8,1.7e-8,6.1e-9,3.1e-8,-1.37e-8,4.66e-8,-3.53e-8,5.19e-8,-5.45e-8,-6.5e-9,-2.636e-7,-2.281e-7,-1.65e-8,-5.876e-7,1.0e-10,-7.7e-9,4.7e-9,-7.6e-9,5.8e-9,-7.2e-9,4.8e-9,-3.6e-9,3.0e-10,2.9e-9,-6.9e-9,1.05e-8,-1.45e-8,1.65e-8,-1.89e-8,1.95e-8,-1.28e-8,1.36e-8,-1.65e-8,-3.64e-8]}
res.SW2 Grid {getGrid = [-1.88e-8,1.63e-8,-1.02e-8,2.09e-8,-1.64e-8,2.72e-8,-2.28e-8,3.21e-8,-3.3e-8,3.5e-8,-4.58e-8,3.76e-8,-5.72e-8,4.11e-8,-6.41e-8,3.65e-8,-7.1e-8,-6.2e-9,-1.934e-7,-7.38e-8,3.567e-7,1.63e-8,0.0,0.0,0.0,0.0,0.0,0.0,0.0,0.0,0.0,0.0,0.0,0.0,0.0,0.0,0.0,0.0,0.0,0.0,-1.0e-10,0.0,-1.02e-8,0.0,0.0,0.0,0.0,0.0,0.0,0.0,1.0e-10,1.0e-10,1.0e-10,1.0e-10,1.0e-10,0.0,1.0e-10,0.0,0.0,0.0,0.0,-1.0e-10,0.0,2.09e-8,0.0,0.0,0.0,0.0,0.0,0.0,0.0,1.0e-10,1.0e-10,1.0e-10,1.0e-10,1.0e-10,1.0e-10,1.0e-10,0.0,1.0e-10,-1.0e-10,0.0,-2.0e-10,0.0,-1.64e-8,0.0,0.0,0.0,0.0,0.0,0.0,0.0,1.0e-10,1.0e-10,2.0e-10,1.0e-10,2.0e-10,1.0e-10,1.0e-10,0.0,1.0e-10,-1.0e-10,-1.0e-10,-2.0e-10,0.0,2.72e-8,0.0,0.0,0.0,0.0,0.0,0.0,0.0,1.0e-10,1.0e-10,2.0e-10,1.0e-10,2.0e-10,1.0e-10,1.0e-10,0.0,1.0e-10,-1.0e-10,-1.0e-10,-3.0e-10,0.0,-2.28e-8,0.0,0.0,0.0,0.0,0.0,0.0,0.0,1.0e-10,1.0e-10,1.0e-10,1.0e-10,1.0e-10,0.0,1.0e-10,-1.0e-10,0.0,-1.0e-10,-2.0e-10,-3.0e-10,0.0,3.21e-8,0.0,0.0,0.0,0.0,0.0,0.0,0.0,0.0,1.0e-10,1.0e-10,1.0e-10,1.0e-10,0.0,0.0,-1.0e-10,-1.0e-10,-2.0e-10,-2.0e-10,-3.0e-10,0.0,-3.3e-8,0.0,1.0e-10,1.0e-10,1.0e-10,1.0e-10,1.0e-10,0.0,0.0,0.0,1.0e-10,0.0,0.0,-1.0e-10,-1.0e-10,-2.0e-10,-1.0e-10,-2.0e-10,-2.0e-10,-3.0e-10,0.0,3.5e-8,0.0,1.0e-10,1.0e-10,1.0e-10,1.0e-10,1.0e-10,1.0e-10,0.0,0.0,0.0,0.0,0.0,-2.0e-10,-2.0e-10,-3.0e-10,-2.0e-10,-3.0e-10,-3.0e-10,-3.0e-10,0.0,-4.58e-8,0.0,1.0e-10,1.0e-10,2.0e-10,2.0e-10,1.0e-10,1.0e-10,1.0e-10,0.0,0.0,0.0,-1.0e-10,-2.0e-10,-2.0e-10,-3.0e-10,-3.0e-10,-3.0e-10,-3.0e-10,-3.0e-10,0.0,3.76e-8,0.0,1.0e-10,1.0e-10,1.0e-10,1.0e-10,1.0e-10,1.0e-10,0.0,0.0,0.0,0.0,0.0,-2.0e-10,-3.0e-10,-4.0e-10,-4.0e-10,-4.0e-10,-3.0e-10,-3.0e-10,0.0,-5.72e-8,0.0,1.0e-10,1.0e-10,2.0e-10,2.0e-10,1.0e-10,1.0e-10,0.0,0.0,-1.0e-10,0.0,0.0,0.0,-2.0e-10,-4.0e-10,-4.0e-10,-4.0e-10,-3.0e-10,-2.0e-10,0.0,4.11e-8,0.0,0.0,1.0e-10,1.0e-10,1.0e-10,0.0,0.0,-1.0e-10,-2.0e-10,-2.0e-10,-2.0e-10,0.0,0.0,-1.0e-10,-3.0e-10,-4.0e-10,-4.0e-10,-3.0e-10,-2.0e-10,0.0,-6.41e-8,0.0,1.0e-10,1.0e-10,1.0e-10,1.0e-10,1.0e-10,0.0,-1.0e-10,-2.0e-10,-2.0e-10,-3.0e-10,-2.0e-10,-1.0e-10,0.0,-1.0e-10,-3.0e-10,-3.0e-10,-3.0e-10,-2.0e-10,0.0,3.65e-8,0.0,0.0,0.0,0.0,0.0,-1.0e-10,-1.0e-10,-2.0e-10,-3.0e-10,-3.0e-10,-4.0e-10,-4.0e-10,-3.0e-10,-1.0e-10,0.0,-1.0e-10,-3.0e-10,-3.0e-10,-2.0e-10,0.0,-7.1e-8,0.0,0.0,1.0e-10,1.0e-10,1.0e-10,0.0,-1.0e-10,-1.0e-10,-2.0e-10,-3.0e-10,-4.0e-10,-4.0e-10,-4.0e-10,-3.0e-10,-1.0e-10,0.0,-1.0e-10,-2.0e-10,-1.0e-10,0.0,-6.2e-9,0.0,0.0,-1.0e-10,-1.0e-10,-1.0e-10,-1.0e-10,-2.0e-10,-2.0e-10,-3.0e-10,-3.0e-10,-4.0e-10,-4.0e-10,-4.0e-10,-3.0e-10,-3.0e-10,-1.0e-10,0.0,-1.0e-10,-1.0e-10,0.0,-1.934e-7,0.0,0.0,0.0,-1.0e-10,-1.0e-10,-2.0e-10,-2.0e-10,-2.0e-10,-3.0e-10,-3.0e-10,-3.0e-10,-3.0e-10,-3.0e-10,-3.0e-10,-3.0e-10,-2.0e-10,-1.0e-10,0.0,0.0,0.0,-7.38e-8,-1.0e-10,-1.0e-10,-2.0e-10,-2.0e-10,-3.0e-10,-3.0e-10,-3.0e-10,-3.0e-10,-3.0e-10,-3.0e-10,-3.0e-10,-2.0e-10,-2.0e-10,-2.0e-10,-2.0e-10,-1.0e-10,-1.0e-10,0.0,0.0,0.0,3.567e-7,0.0,0.0,0.0,0.0,0.0,0.0,0.0,0.0,0.0,0.0,0.0,0.0,0.0,0.0,0.0,0.0,0.0,0.0,0.0,0.0]}
res.G00 Grid {getGrid = [0.0,0.0,0.0,0.0,0.0,0.0,0.0,0.0,0.0,0.0,0.0,0.0,0.0,0.0,0.0,0.0,0.0,0.0,0.0,0.0,0.0,0.0,1.7e-9,6.9e-9,5.2e-9,1.22e-8,3.1e-9,8.9e-9,9.0e-10,5.7e-9,4.0e-10,3.9e-9,7.0e-10,3.0e-9,1.3e-9,3.4e-9,2.8e-9,6.1e-9,7.4e-9,1.4e-8,-1.84e-8,-3.32e-8,0.0,2.28e-8,1.39e-8,2.71e-8,2.2e-8,5.01e-8,2.86e-8,3.14e-8,2.13e-8,2.0e-8,1.74e-8,1.42e-8,1.66e-8,1.38e-8,2.14e-8,2.26e-8,3.75e-8,4.83e-8,2.95e-8,-1.029e-7,-1.817e-7,0.0,-3.0e-9,5.15e-8,6.2e-9,6.0e-10,1.63e-8,5.76e-8,4.28e-8,4.75e-8,3.9e-8,3.51e-8,3.45e-8,2.75e-8,3.59e-8,3.28e-8,5.14e-8,5.31e-8,2.52e-8,-8.72e-8,-1.626e-7,-1.754e-7,0.0,-5.95e-8,3.94e-8,7.27e-8,1.63e-8,-1.08e-8,1.0e-8,6.91e-8,5.69e-8,6.76e-8,5.98e-8,5.41e-8,5.53e-8,4.74e-8,5.87e-8,5.31e-8,3.02e-8,-4.67e-8,-1.241e-7,-1.746e-7,-1.97e-7,0.0,-4.8e-8,-3.87e-8,4.94e-8,6.0e-8,8.3e-9,-3.01e-8,-1.7e-9,5.8e-8,6.4e-8,6.49e-8,7.08e-8,5.36e-8,6.16e-8,4.16e-8,2.67e-8,-3.22e-8,-9.32e-8,-1.34e-7,-1.566e-7,-1.607e-7,0.0,-8.78e-8,-2.42e-8,-2.1e-8,7.0e-8,6.63e-8,1.6e-8,-3.01e-8,1.09e-8,6.15e-8,7.48e-8,7.03e-8,7.56e-8,4.87e-8,3.79e-8,-1.04e-8,-5.1e-8,-8.98e-8,-1.28e-7,-1.561e-7,-1.699e-7,0.0,-7.54e-8,-7.57e-8,-2.55e-8,-2.28e-8,6.39e-8,3.83e-8,6.1e-9,-3.12e-8,9.6e-9,4.81e-8,6.81e-8,4.68e-8,4.66e-8,0.0,-2.52e-8,-6.87e-8,-1.041e-7,-1.303e-7,-1.494e-7,-1.555e-7,0.0,-8.22e-8,-4.23e-8,-3.8e-8,1.41e-8,3.7e-9,7.36e-8,2.89e-8,1.95e-8,-3.5e-9,4.73e-8,5.03e-8,7.14e-8,2.81e-8,1.79e-8,-3.28e-8,-6.24e-8,-1.014e-7,-1.403e-7,-1.709e-7,-1.865e-7,0.0,-7.01e-8,-6.81e-8,-3.35e-8,-2.78e-8,1.95e-8,0.0,5.16e-8,-1.95e-8,9.2e-9,2.11e-8,5.79e-8,3.5e-8,4.45e-8,-9.4e-9,-3.04e-8,-8.2e-8,-1.223e-7,-1.566e-7,-1.825e-7,-1.939e-7,0.0,-4.39e-8,-1.87e-8,-9.6e-9,2.53e-8,2.43e-8,6.38e-8,3.53e-8,5.96e-8,-4.08e-8,2.88e-8,8.16e-8,1.121e-7,3.67e-8,4.21e-8,-3.08e-8,-6.5e-8,-1.234e-7,-1.708e-7,-2.118e-7,-2.347e-7,0.0,-4.12e-8,-3.42e-8,-9.1e-9,2.8e-9,3.78e-8,3.67e-8,7.03e-8,3.75e-8,3.07e-8,-9.79e-8,1.77e-8,1.265e-7,1.13e-7,2.64e-8,-9.0e-10,-7.74e-8,-1.314e-7,-1.818e-7,-2.204e-7,-2.413e-7,0.0,-4.5e-9,1.15e-8,2.54e-8,5.24e-8,6.36e-8,9.98e-8,1.004e-7,1.264e-7,9.18e-8,4.75e-8,-1.021e-7,4.06e-8,1.868e-7,1.611e-7,1.95e-8,-1.88e-8,-1.145e-7,-1.737e-7,-2.342e-7,-2.732e-7,0.0,-3.6e-8,-2.35e-8,-2.8e-9,1.71e-8,5.19e-8,7.46e-8,1.148e-7,1.208e-7,1.349e-7,1.03e-7,2.83e-8,-1.317e-7,2.78e-8,2.203e-7,1.322e-7,2.3e-9,-8.13e-8,-1.593e-7,-2.211e-7,-2.619e-7,0.0,-1.93e-8,-6.4e-9,1.48e-8,4.67e-8,8.28e-8,1.285e-7,1.511e-7,1.778e-7,1.836e-7,1.86e-7,1.631e-7,6.84e-8,-1.068e-7,4.81e-8,2.613e-7,1.513e-7,-3.45e-8,-1.014e-7,-2.014e-7,-2.783e-7,0.0,-9.9e-8,-7.59e-8,-4.2e-8,1.11e-8,6.81e-8,1.037e-7,1.222e-7,1.397e-7,1.566e-7,1.757e-7,1.755e-7,1.679e-7,6.59e-8,-1.029e-7,3.74e-8,2.563e-7,8.82e-8,-4.18e-8,-1.559e-7,-2.438e-7,0.0,-9.93e-8,-6.71e-8,-1.8e-9,7.82e-8,1.243e-7,1.264e-7,1.379e-7,1.398e-7,1.614e-7,1.728e-7,1.984e-7,2.019e-7,2.105e-7,1.271e-7,-5.89e-8,6.75e-8,2.325e-7,1.225e-7,-9.54e-8,-2.696e-7,0.0,-1.796e-7,-1.029e-7,1.46e-8,7.15e-8,6.03e-8,7.28e-8,5.15e-8,7.99e-8,6.86e-8,1.059e-7,1.071e-7,1.465e-7,1.567e-7,1.737e-7,1.377e-7,-4.08e-8,6.78e-8,1.886e-7,0.0,-1.398e-7,0.0,-1.045e-7,3.07e-8,8.67e-8,7.99e-8,7.43e-8,5.86e-8,6.77e-8,5.62e-8,7.12e-8,6.88e-8,8.49e-8,9.56e-8,1.157e-7,1.365e-7,1.706e-7,1.543e-7,2.89e-8,9.77e-8,1.349e-7,-1.099e-7,0.0,-7.79e-8,4.28e-8,-1.59e-8,2.42e-8,-3.09e-8,2.23e-8,-3.39e-8,2.4e-8,-2.99e-8,2.85e-8,-2.05e-8,3.71e-8,-5.4e-9,5.2e-8,3.08e-8,6.64e-8,9.76e-8,7.8e-9,5.49e-8,3.5e-8,0.0,1.87e-8,9.8e-9,1.65e-8,3.2e-9,2.09e-8,-6.0e-10,2.16e-8,-2.1e-9,2.05e-8,-2.2e-9,1.82e-8,-1.3e-9,1.56e-8,1.0e-9,8.7e-9,1.01e-8,-1.1e-8,4.68e-8,-1.8e-9,-5.8e-9]}
res.G11 Grid {getGrid = [0.0,0.0,0.0,0.0,0.0,0.0,0.0,0.0,0.0,0.0,0.0,0.0,0.0,0.0,0.0,0.0,0.0,0.0,0.0,0.0,0.0,0.0,1.7e-9,2.28e-8,-3.0e-9,-5.95e-8,-4.8e-8,-8.78e-8,-7.54e-8,-8.22e-8,-7.01e-8,-4.39e-8,-4.12e-8,-4.5e-9,-3.6e-8,-1.93e-8,-9.9e-8,-9.93e-8,-1.796e-7,-1.045e-7,-7.79e-8,1.87e-8,0.0,6.9e-9,1.39e-8,5.15e-8,3.94e-8,-3.87e-8,-2.42e-8,-7.57e-8,-4.23e-8,-6.81e-8,-1.87e-8,-3.42e-8,1.15e-8,-2.35e-8,-6.4e-9,-7.59e-8,-6.71e-8,-1.029e-7,3.07e-8,4.28e-8,9.8e-9,0.0,5.2e-9,2.71e-8,6.2e-9,7.27e-8,4.94e-8,-2.1e-8,-2.55e-8,-3.8e-8,-3.35e-8,-9.6e-9,-9.1e-9,2.54e-8,-2.8e-9,1.48e-8,-4.2e-8,-1.8e-9,1.46e-8,8.67e-8,-1.59e-8,1.65e-8,0.0,1.22e-8,2.2e-8,6.0e-10,1.63e-8,6.0e-8,7.0e-8,-2.28e-8,1.41e-8,-2.78e-8,2.53e-8,2.8e-9,5.24e-8,1.71e-8,4.67e-8,1.11e-8,7.82e-8,7.15e-8,7.99e-8,2.42e-8,3.2e-9,0.0,3.1e-9,5.01e-8,1.63e-8,-1.08e-8,8.3e-9,6.63e-8,6.39e-8,3.7e-9,1.95e-8,2.43e-8,3.78e-8,6.36e-8,5.19e-8,8.28e-8,6.81e-8,1.243e-7,6.03e-8,7.43e-8,-3.09e-8,2.09e-8,0.0,8.9e-9,2.86e-8,5.76e-8,1.0e-8,-3.01e-8,1.6e-8,3.83e-8,7.36e-8,0.0,6.38e-8,3.67e-8,9.98e-8,7.46e-8,1.285e-7,1.037e-7,1.264e-7,7.28e-8,5.86e-8,2.23e-8,-6.0e-10,0.0,9.0e-10,3.14e-8,4.28e-8,6.91e-8,-1.7e-9,-3.01e-8,6.1e-9,2.89e-8,5.16e-8,3.53e-8,7.03e-8,1.004e-7,1.148e-7,1.511e-7,1.222e-7,1.379e-7,5.15e-8,6.77e-8,-3.39e-8,2.16e-8,0.0,5.7e-9,2.13e-8,4.75e-8,5.69e-8,5.8e-8,1.09e-8,-3.12e-8,1.95e-8,-1.95e-8,5.96e-8,3.75e-8,1.263e-7,1.208e-7,1.778e-7,1.397e-7,1.398e-7,7.99e-8,5.62e-8,2.4e-8,-2.1e-9,0.0,4.0e-10,2.0e-8,3.9e-8,6.76e-8,6.4e-8,6.15e-8,9.6e-9,-3.5e-9,9.2e-9,-4.08e-8,3.07e-8,9.18e-8,1.349e-7,1.836e-7,1.566e-7,1.614e-7,6.86e-8,7.12e-8,-2.99e-8,2.05e-8,0.0,3.9e-9,1.74e-8,3.51e-8,5.98e-8,6.49e-8,7.48e-8,4.81e-8,4.73e-8,2.11e-8,2.88e-8,-9.79e-8,4.75e-8,1.03e-7,1.86e-7,1.757e-7,1.728e-7,1.059e-7,6.88e-8,2.85e-8,-2.2e-9,0.0,7.0e-10,1.42e-8,3.45e-8,5.41e-8,7.08e-8,7.03e-8,6.81e-8,5.03e-8,5.79e-8,8.16e-8,1.77e-8,-1.021e-7,2.83e-8,1.631e-7,1.755e-7,1.984e-7,1.071e-7,8.49e-8,-2.05e-8,1.82e-8,0.0,3.0e-9,1.66e-8,2.75e-8,5.53e-8,5.36e-8,7.56e-8,4.68e-8,7.14e-8,3.5e-8,1.121e-7,1.265e-7,4.06e-8,-1.317e-7,6.84e-8,1.679e-7,2.019e-7,1.465e-7,9.56e-8,3.71e-8,-1.3e-9,0.0,1.3e-9,1.38e-8,3.59e-8,4.74e-8,6.16e-8,4.87e-8,4.66e-8,2.81e-8,4.45e-8,3.67e-8,1.13e-7,1.868e-7,2.78e-8,-1.068e-7,6.59e-8,2.105e-7,1.567e-7,1.157e-7,-5.4e-9,1.56e-8,0.0,3.4e-9,2.14e-8,3.28e-8,5.87e-8,4.16e-8,3.79e-8,0.0,1.79e-8,-9.4e-9,4.21e-8,2.64e-8,1.611e-7,2.203e-7,4.81e-8,-1.029e-7,1.271e-7,1.737e-7,1.365e-7,5.2e-8,1.0e-9,0.0,2.8e-9,2.26e-8,5.14e-8,5.31e-8,2.67e-8,-1.04e-8,-2.52e-8,-3.28e-8,-3.04e-8,-3.08e-8,-9.0e-10,1.95e-8,1.322e-7,2.613e-7,3.74e-8,-5.89e-8,1.377e-7,1.706e-7,3.08e-8,8.8e-9,0.0,6.1e-9,3.75e-8,5.31e-8,3.02e-8,-3.22e-8,-5.1e-8,-6.87e-8,-6.24e-8,-8.2e-8,-6.5e-8,-7.74e-8,-1.88e-8,2.3e-9,1.513e-7,2.563e-7,6.75e-8,-4.08e-8,1.543e-7,6.64e-8,1.01e-8,0.0,7.4e-9,4.83e-8,2.52e-8,-4.67e-8,-9.32e-8,-8.98e-8,-1.041e-7,-1.014e-7,-1.223e-7,-1.234e-7,-1.314e-7,-1.145e-7,-8.13e-8,-3.45e-8,8.82e-8,2.325e-7,6.78e-8,2.89e-8,9.76e-8,-1.1e-8,0.0,1.4e-8,2.95e-8,-8.72e-8,-1.241e-7,-1.34e-7,-1.28e-7,-1.303e-7,-1.403e-7,-1.566e-7,-1.708e-7,-1.818e-7,-1.737e-7,-1.593e-7,-1.014e-7,-4.18e-8,1.225e-7,1.886e-7,9.77e-8,7.8e-9,4.68e-8,0.0,-1.84e-8,-1.029e-7,-1.626e-7,-1.746e-7,-1.566e-7,-1.561e-7,-1.494e-7,-1.709e-7,-1.825e-7,-2.118e-7,-2.204e-7,-2.342e-7,-2.211e-7,-2.014e-7,-1.559e-7,-9.54e-8,0.0,1.349e-7,5.49e-8,-1.8e-9,0.0,-3.32e-8,-1.817e-7,-1.754e-7,-1.97e-7,-1.607e-7,-1.699e-7,-1.555e-7,-1.865e-7,-1.939e-7,-2.347e-7,-2.413e-7,-2.732e-7,-2.619e-7,-2.783e-7,-2.438e-7,-2.696e-7,-1.398e-7,-1.099e-7,3.5e-8,-5.8e-9]}
