Spherically Symmetric Scalar Field in double-Null coordinates
iter 0   time 127 sec   |res| 9.93844170297569e-2   |res5| 9.93844170297569e-2
iter 1   time 570 sec   |res| 3.537849988788366e-5   |res5| 4.334907692548487e-5
iter 2   time 692 sec   |res| 5.948446741746539e-2   |res5| 5.948446741746539e-2
iter 3   time 814 sec   |res| 1.443036418290268e-2   |res5| 1.443036418290268e-2
iter 4   time 942 sec   |res| 3.308445070696064e-3   |res5| 3.308445070696064e-3
iter 5   time 1066 sec   |res| 6.814136155675691e-4   |res5| 6.814136155675691e-4
var.g Grid {getGrid = [1.0000001376,1.0000000853,1.0000000249,0.9999999152,0.999999889,0.9999998646,0.9999998866,0.9999998847,0.99999994,0.9999999516,1.0000000273,1.0000000215,1.0000001138,1.0000000681,1.0000002029,1.0000000955,1.0000003051,1.0000001208,1.0000003806,1.0000001193,1.0000003441,1.0000000375,1.000000181,0.9999998625,0.9999999282,0.999999778,0.9999998115,0.9999998046,0.9999997707,1.0000000853,1.0000000281,0.9999999696,0.9999998607,0.999999838,0.9999998139,0.9999998384,0.9999998386,0.9999998954,0.999999911,0.9999999851,0.9999999864,1.000000072,1.0000000366,1.0000001595,1.0000000633,1.0000002605,1.0000000812,1.0000003371,1.0000000688,1.0000003017,0.9999999818,1.0000001429,0.9999998079,0.9999998979,0.9999997379,0.9999997866,0.9999997752,0.9999997438,1.0000000249,0.9999999696,0.9999999121,0.9999997975,0.9999997715,0.9999997442,0.9999997645,0.9999997593,0.9999998136,0.9999998215,0.9999998971,0.9999998881,0.9999999814,0.9999999332,1.0000000699,0.9999999612,1.0000001729,0.9999999885,1.0000002502,0.9999999901,1.000000216,0.9999999113,1.0000000555,0.9999997392,0.9999998052,0.9999996572,0.9999996909,0.9999996851,0.9999996515,0.9999999152,0.9999998607,0.9999997975,0.9999996882,0.9999996649,0.9999996366,0.9999996574,0.999999655,0.9999997076,0.9999997192,0.9999997909,0.9999997885,0.9999998739,0.9999998356,0.9999999602,0.9999998627,1.0000000626,0.9999998838,1.0000001423,0.9999998763,1.0000001112,0.9999997942,0.999999957,0.999999625,0.9999997165,0.9999995592,0.9999996094,0.999999599,0.9999995683,0.999999889,0.999999838,0.9999997715,0.9999996649,0.9999996216,0.9999995906,0.9999996041,0.9999995962,0.9999996389,0.9999996438,0.999999713,0.9999997009,0.9999997925,0.9999997419,0.9999998808,0.9999997713,0.9999999874,0.9999998044,1.0000000708,0.9999998141,1.0000000438,0.9999997431,0.9999998911,0.9999995785,0.9999996481,0.9999995032,0.9999995398,0.9999995355,0.9999995025,0.9999998646,0.9999998139,0.9999997442,0.9999996366,0.9999995906,0.9999995649,0.9999995825,0.9999995694,0.9999996142,0.9999996231,0.9999996902,0.999999684,0.9999997688,0.9999997271,0.9999998552,0.9999997558,0.9999999616,0.9999997828,1.0000000479,0.9999997835,1.0000000241,0.9999997094,0.9999998773,0.9999995481,0.9999996435,0.9999994895,0.9999995421,0.9999995333,0.9999995031,0.9999998866,0.9999998384,0.9999997645,0.9999996574,0.9999996041,0.9999995825,0.9999995706,0.9999995516,0.9999995937,0.9999995927,0.9999996557,0.9999996363,0.9999997294,0.9999996725,0.9999998187,0.9999997052,0.9999999311,0.9999997473,1.0000000232,0.9999997683,1.0000000056,0.9999997081,0.9999998623,0.9999995535,0.9999996277,0.9999994867,0.999999526,0.9999995238,0.9999994913,0.9999998847,0.9999998386,0.9999997593,0.999999655,0.9999995962,0.9999995694,0.9999995516,0.9999995282,0.9999995806,0.9999995719,0.9999996348,0.9999996243,0.9999997106,0.9999996651,0.9999997988,0.9999996969,0.9999999109,0.9999997317,1.0000000049,0.9999997417,0.9999999886,0.999999676,0.9999998487,0.999999522,0.9999996206,0.9999994694,0.9999995238,0.9999995164,0.9999994866,0.99999994,0.9999998954,0.9999998136,0.9999997076,0.9999996389,0.9999996142,0.9999995937,0.9999995806,0.9999995956,0.9999995807,0.9999996496,0.999999629,0.9999997211,0.9999996606,0.9999998127,0.9999996972,0.9999999322,0.9999997491,1.000000033,0.9999997807,1.0000000239,0.9999997292,0.9999998879,0.9999995818,0.9999996593,0.9999995204,0.9999995616,0.9999995605,0.9999995284,0.9999999516,0.999999911,0.9999998215,0.9999997192,0.9999996438,0.9999996231,0.9999995927,0.9999995719,0.9999995807,0.9999995449,0.9999996305,0.9999996044,0.9999996879,0.9999996441,0.9999997799,0.9999996806,0.9999998988,0.999999722,0.9999999994,0.9999997381,0.9999999878,0.9999996761,0.9999998503,0.9999995238,0.999999623,0.9999994718,0.9999995265,0.9999995191,0.9999994893,1.0000000273,0.9999999851,0.9999998971,0.9999997909,0.999999713,0.9999996902,0.9999996557,0.9999996348,0.9999996496,0.9999996305,0.999999673,0.99999964,0.9999997419,0.9999996905,0.9999998411,0.9999997303,0.9999999669,0.9999997877,1.0000000731,0.9999998237,1.000000067,0.9999997733,0.9999999311,0.9999996247,0.9999997014,0.999999561,0.9999996013,0.9999995994,0.999999567,1.0000000215,0.9999999864,0.9999998881,0.9999997885,0.9999997009,0.999999684,0.9999996363,0.9999996243,0.999999629,0.9999996044,0.99999964,0.9999995707,0.9999996891,0.9999996393,0.9999997668,0.9999996793,0.9999998914,0.999999723,0.9999999955,0.999999737,0.9999999822,0.9999996692,0.9999998385,0.9999995084,0.9999996036,0.9999994477,0.9999994994,0.9999994897,0.9999994591,1.0000001138,1.000000072,0.9999999814,0.9999998739,0.9999997925,0.9999997688,0.9999997294,0.9999997106,0.9999997211,0.9999996879,0.9999997419,0.9999996891,0.999999753,0.9999996918,0.9999998451,0.9999997556,0.9999999769,0.9999998094,1.0000000816,0.999999836,1.0000000683,0.9999997724,0.9999999203,0.9999996083,0.9999996778,0.9999995293,0.9999995643,0.9999995583,0.9999995247,1.0000000681,1.0000000366,0.9999999332,0.9999998356,0.9999997419,0.9999997271,0.9999996725,0.9999996651,0.9999996606,0.9999996441,0.9999996905,0.9999996393,0.9999996918,0.9999995932,0.9999997502,0.9999996718,0.9999998568,0.9999997093,0.9999999603,0.9999997083,0.9999999378,0.9999996211,0.9999997767,0.999999438,0.9999995231,0.9999993559,0.9999994006,0.9999993851,0.9999993528,1.0000002029,1.0000001595,1.0000000699,0.9999999602,0.9999998808,0.9999998552,0.9999998187,0.9999997988,0.9999998127,0.9999997799,0.9999998411,0.9999997668,0.9999998451,0.9999997502,0.9999998308,0.9999997267,0.9999999298,0.9999997901,1.0000000239,0.9999997863,0.9999999898,0.9999996885,0.9999998129,0.9999994889,0.9999995419,0.9999993771,0.9999994009,0.9999993864,0.9999993503,1.0000000955,1.0000000633,0.9999999612,0.9999998627,0.9999997713,0.9999997558,0.9999997052,0.9999996969,0.9999996972,0.9999996806,0.9999997303,0.9999996793,0.9999997556,0.9999996718,0.9999997267,0.9999996109,0.9999997963,0.9999996716,0.9999998695,0.9999996373,0.9999998339,0.9999995138,0.9999996448,0.9999992929,0.9999993611,0.9999991754,0.9999992083,0.9999991832,0.9999991482,1.0000003051,1.0000002605,1.0000001729,1.0000000626,0.9999999874,0.9999999616,0.9999999311,0.9999999109,0.9999999322,0.9999998988,0.9999999669,0.9999998914,0.9999999769,0.9999998568,0.9999999298,0.9999997963,0.9999998732,0.9999997004,0.9999998909,0.9999996742,0.999999824,0.9999995161,0.9999996008,0.9999992582,0.9999992839,0.9999990933,0.9999990994,0.9999990716,0.9999990314,1.0000001208,1.0000000812,0.9999999885,0.9999998838,0.9999998044,0.9999997828,0.9999997473,0.9999997317,0.9999997491,0.999999722,0.9999997877,0.999999723,0.9999998094,0.9999997093,0.9999997901,0.9999996716,0.9999997004,0.9999995584,0.9999997206,0.9999995137,0.99999964,0.9999993276,0.9999994186,0.9999990518,0.9999990952,0.9999988838,0.9999989005,0.9999988621,0.9999988233,1.0000003806,1.0000003371,1.0000002502,1.0000001423,1.0000000708,1.0000000479,1.0000000232,1.0000000049,1.000000033,0.9999999994,1.0000000731,0.9999999955,1.0000000816,0.9999999603,1.0000000239,0.9999998695,0.9999998909,0.9999997206,0.9999997467,0.9999994742,0.9999995681,0.9999992655,0.9999992936,0.9999989283,0.9999989172,0.9999986926,0.9999986756,0.9999986303,0.9999985849,1.0000001193,1.0000000688,0.9999999901,0.9999998763,0.9999998141,0.9999997835,0.9999997683,0.9999997417,0.9999997807,0.9999997381,0.9999998237,0.999999737,0.999999836,0.9999997083,0.9999997863,0.9999996373,0.9999996742,0.9999995137,0.9999994742,0.9999992552,0.9999993312,0.9999990354,0.9999990496,0.9999986732,0.9999986795,0.9999984362,0.9999984316,0.9999983761,0.9999983325,1.0000003441,1.0000003017,1.000000216,1.0000001112,1.0000000438,1.0000000241,1.0000000056,0.9999999886,1.0000000239,0.9999999878,1.000000067,0.9999999822,1.0000000683,0.9999999378,0.9999999898,0.9999998339,0.999999824,0.9999996401,0.9999995681,0.9999993312,0.9999992668,0.9999989039,0.9999988697,0.9999984931,0.9999984362,0.9999981729,0.9999981303,0.9999980647,0.9999980135,1.0000000375,0.9999999818,0.9999999113,0.9999997942,0.9999997431,0.9999997094,0.9999997081,0.999999676,0.9999997292,0.9999996761,0.9999997733,0.9999996692,0.9999997724,0.9999996211,0.9999996885,0.9999995138,0.9999995161,0.9999993276,0.9999992655,0.9999990354,0.9999989039,0.9999985944,0.9999985536,0.9999981746,0.9999981158,0.9999978373,0.9999978071,0.9999977308,0.9999976816,1.000000181,1.0000001429,1.0000000555,0.999999957,0.9999998911,0.9999998773,0.9999998623,0.9999998487,0.9999998879,0.9999998503,0.9999999311,0.9999998385,0.9999999203,0.9999997767,0.9999998129,0.9999996448,0.9999996008,0.9999994186,0.9999992936,0.9999990496,0.9999988697,0.9999985536,0.9999983647,0.9999979288,0.9999978156,0.9999975195,0.9999974494,0.9999973596,0.9999973023,0.9999998625,0.9999998079,0.9999997392,0.999999625,0.9999995785,0.9999995481,0.9999995535,0.999999522,0.9999995818,0.9999995238,0.9999996247,0.9999995084,0.9999996083,0.999999438,0.9999994889,0.999999293,0.9999992582,0.9999990518,0.9999989283,0.9999986732,0.9999984931,0.9999981746,0.9999979288,0.9999975293,0.9999974307,0.9999971273,0.9999970613,0.9999969593,0.9999969048,0.9999999282,0.9999998979,0.9999998052,0.9999997165,0.9999996481,0.9999996435,0.9999996277,0.9999996206,0.9999996593,0.999999623,0.9999997014,0.9999996036,0.9999996778,0.9999995231,0.9999995419,0.9999993611,0.9999992839,0.9999990952,0.9999989172,0.9999986795,0.9999984362,0.9999981158,0.9999978156,0.9999974307,0.9999972043,0.9999968532,0.9999967507,0.9999966359,0.9999965733,0.999999778,0.9999997379,0.9999996572,0.9999995592,0.9999995032,0.9999994895,0.9999994867,0.9999994694,0.9999995204,0.9999994718,0.999999561,0.9999994477,0.9999995293,0.9999993559,0.9999993771,0.9999991754,0.9999990933,0.9999988838,0.9999986926,0.9999984362,0.9999981729,0.9999978373,0.9999975195,0.9999971273,0.9999968532,0.9999964987,0.9999964061,0.9999962792,0.9999962195,0.9999998115,0.9999997866,0.9999996909,0.9999996094,0.9999995398,0.9999995421,0.999999526,0.9999995238,0.9999995616,0.9999995265,0.9999996013,0.9999994994,0.9999995643,0.9999994006,0.9999994009,0.9999992083,0.9999990994,0.9999989006,0.9999986756,0.9999984316,0.9999981303,0.9999978071,0.9999974494,0.9999970613,0.9999967507,0.9999964061,0.9999962683,0.9999961304,0.9999960642,0.9999998046,0.9999997752,0.9999996851,0.9999995991,0.9999995355,0.9999995333,0.9999995238,0.9999995165,0.9999995605,0.9999995192,0.9999995994,0.9999994897,0.9999995583,0.9999993851,0.9999993864,0.9999991832,0.9999990716,0.9999988621,0.9999986303,0.9999983761,0.9999980647,0.9999977309,0.9999973596,0.9999969593,0.9999966359,0.9999962792,0.9999961304,0.9999959838,0.9999959208,0.9999997707,0.9999997438,0.9999996515,0.9999995682,0.9999995025,0.9999995031,0.9999994913,0.9999994866,0.9999995284,0.9999994893,0.999999567,0.9999994591,0.9999995247,0.9999993528,0.9999993503,0.9999991482,0.9999990314,0.9999988233,0.9999985849,0.9999983325,0.9999980135,0.9999976816,0.9999973022,0.9999969048,0.9999965733,0.9999962195,0.9999960642,0.9999959208,0.9999958574]}
var.q Grid {getGrid = [0.9999995931,0.9999995265,0.9999994722,0.9999993566,0.999999332,0.9999992997,0.9999993246,0.9999993113,0.9999993662,0.9999993616,0.9999994314,0.9999994119,0.9999994821,0.9999994431,0.9999995193,0.9999994741,0.9999995675,0.9999995304,0.9999996249,0.9999995749,0.999999637,0.9999995541,0.9999995778,0.9999994566,0.9999994881,0.9999994075,0.9999995,0.9999995184,0.9999995188,0.9999995265,0.99999948,0.9999994347,0.9999993215,0.9999992976,0.9999992653,0.9999992903,0.9999992765,0.9999993314,0.9999993263,0.9999993961,0.9999993762,0.9999994467,0.9999994073,0.9999994839,0.9999994386,0.9999995323,0.9999994951,0.99999959,0.9999995399,0.9999996022,0.9999995191,0.999999543,0.9999994214,0.9999994532,0.999999372,0.9999994649,0.9999994827,0.9999994833,0.9999994722,0.9999994347,0.9999993753,0.9999992532,0.9999992292,0.9999991957,0.9999992205,0.9999992052,0.9999992596,0.9999992533,0.9999993229,0.9999993021,0.9999993728,0.9999993329,0.9999994103,0.9999993646,0.9999994595,0.999999422,0.999999518,0.9999994674,0.9999995308,0.999999447,0.9999994717,0.9999993492,0.9999993814,0.9999992995,0.9999993924,0.99999941,0.9999994102,0.9999993566,0.9999993215,0.9999992532,0.9999991477,0.9999991296,0.9999990916,0.9999991157,0.9999990967,0.9999991507,0.9999991417,0.9999992113,0.9999991886,0.99999926,0.9999992191,0.9999992978,0.9999992517,0.9999993482,0.9999993105,0.9999994079,0.999999357,0.9999994212,0.9999993369,0.9999993618,0.9999992387,0.9999992704,0.9999991881,0.9999992801,0.9999992975,0.9999992977,0.999999332,0.9999992976,0.9999992292,0.9999991296,0.999999082,0.9999990394,0.9999990699,0.999999046,0.9999991035,0.99999909,0.9999991615,0.9999991357,0.9999992089,0.9999991666,0.9999992475,0.9999992009,0.9999992996,0.9999992621,0.9999993609,0.9999993101,0.9999993748,0.9999992904,0.9999993148,0.9999991914,0.999999222,0.9999991392,0.9999992304,0.9999992473,0.9999992472,0.9999992997,0.9999992653,0.9999991957,0.9999990916,0.9999990394,0.9999990292,0.9999990624,0.9999990232,0.9999990788,0.9999990558,0.9999991276,0.9999990965,0.9999991715,0.9999991267,0.9999992099,0.9999991628,0.9999992636,0.9999992264,0.9999993263,0.999999276,0.9999993404,0.9999992561,0.9999992793,0.9999991552,0.9999991843,0.9999991002,0.9999991905,0.9999992069,0.9999992066,0.9999993246,0.9999992903,0.9999992205,0.9999991157,0.9999990699,0.9999990624,0.9999990331,0.9999989847,0.9999990585,0.9999990288,0.9999991111,0.9999990762,0.9999991575,0.9999991111,0.9999991992,0.9999991524,0.9999992567,0.9999992204,0.9999993221,0.9999992723,0.9999993367,0.9999992519,0.9999992738,0.9999991485,0.9999991755,0.9999990905,0.9999991793,0.9999991948,0.9999991943,0.9999993113,0.9999992765,0.9999992052,0.9999990967,0.999999046,0.9999990232,0.9999989847,0.9999989977,0.999999081,0.9999990327,0.9999991139,0.9999990685,0.9999991514,0.9999991004,0.9999991916,0.9999991433,0.9999992504,0.9999992138,0.9999993163,0.9999992664,0.9999993296,0.9999992439,0.9999992636,0.9999991364,0.9999991613,0.999999074,0.9999991613,0.9999991759,0.9999991749,0.9999993662,0.9999993314,0.9999992596,0.9999991507,0.9999991035,0.9999990788,0.9999990585,0.999999081,0.9999990662,0.999999001,0.999999115,0.9999990612,0.9999991626,0.9999991094,0.9999992114,0.9999991633,0.9999992767,0.9999992408,0.9999993459,0.9999992956,0.9999993582,0.9999992707,0.9999992876,0.999999158,0.999999179,0.99999909,0.9999991749,0.999999188,0.9999991865,0.9999993616,0.9999993263,0.9999992533,0.9999991417,0.99999909,0.9999990558,0.9999990288,0.9999990327,0.999999001,0.9999990277,0.9999991629,0.99999909,0.999999193,0.999999129,0.9999992348,0.9999991815,0.9999992982,0.9999992596,0.999999365,0.9999993122,0.9999993721,0.9999992817,0.9999992948,0.9999991618,0.9999991794,0.9999990864,0.9999991686,0.9999991799,0.9999991778,0.9999994314,0.9999993961,0.9999993229,0.9999992113,0.9999991615,0.9999991276,0.9999991111,0.9999991139,0.999999115,0.9999991629,0.9999991669,0.9999990653,0.9999992151,0.9999991416,0.9999992711,0.9999992163,0.999999344,0.9999993049,0.9999994133,0.9999993585,0.9999994161,0.9999993221,0.9999993299,0.9999991922,0.9999992033,0.9999991071,0.9999991853,0.9999991943,0.9999991913,0.9999994119,0.9999993762,0.9999993021,0.9999991886,0.9999991357,0.9999990965,0.9999990762,0.9999990685,0.9999990612,0.99999909,0.9999990653,0.999999082,0.999999265,0.9999991727,0.9999993074,0.9999992392,0.999999371,0.9999993228,0.9999994306,0.999999369,0.9999994218,0.9999993214,0.999999323,0.9999991791,0.9999991845,0.9999990821,0.9999991558,0.9999991618,0.9999991578,0.9999994821,0.9999994467,0.9999993728,0.99999926,0.9999992089,0.9999991715,0.9999991575,0.9999991514,0.9999991626,0.999999193,0.9999992151,0.999999265,0.9999992927,0.999999157,0.9999993441,0.9999992648,0.9999994176,0.9999993651,0.9999994773,0.9999994104,0.9999994585,0.999999351,0.9999993437,0.9999991917,0.9999991871,0.999999079,0.9999991467,0.9999991491,0.9999991439,0.9999994431,0.9999994073,0.9999993329,0.9999992191,0.9999991666,0.9999991267,0.9999991111,0.9999991004,0.9999991094,0.999999129,0.9999991416,0.9999991727,0.999999157,0.9999991553,0.9999993827,0.9999992771,0.9999994379,0.9999993628,0.9999994744,0.9999993922,0.9999994326,0.9999993135,0.9999992963,0.9999991346,0.9999991209,0.9999990036,0.9999990644,0.9999990623,0.9999990554,0.9999995193,0.9999994839,0.9999994103,0.9999992978,0.9999992474,0.9999992099,0.9999991992,0.9999991916,0.9999992114,0.9999992348,0.9999992711,0.9999993074,0.9999993441,0.9999993827,0.9999994398,0.9999992733,0.9999994752,0.9999993864,0.999999507,0.9999994141,0.9999994479,0.999999317,0.9999992872,0.9999991126,0.999999085,0.9999989589,0.9999990112,0.9999990038,0.999998995,0.9999994741,0.9999994386,0.9999993646,0.9999992517,0.9999992009,0.9999991628,0.9999991524,0.9999991433,0.9999991633,0.9999991815,0.9999992163,0.9999992392,0.9999992648,0.9999992771,0.9999992733,0.9999992409,0.9999994854,0.9999993506,0.9999994796,0.9999993536,0.9999993786,0.9999992282,0.9999991839,0.9999989951,0.9999989538,0.9999988155,0.9999988576,0.9999988441,0.9999988331,0.9999995675,0.9999995323,0.9999994595,0.9999993482,0.9999992996,0.9999992636,0.9999992567,0.9999992504,0.9999992767,0.9999992982,0.999999344,0.999999371,0.9999994176,0.9999994379,0.9999994752,0.9999994854,0.9999995531,0.9999993395,0.9999994837,0.9999993395,0.99999936,0.9999991925,0.9999991337,0.9999989268,0.9999988689,0.999998718,0.9999987493,0.9999987284,0.9999987149,0.9999995304,0.9999994951,0.999999422,0.9999993105,0.9999992621,0.9999992264,0.9999992204,0.9999992138,0.9999992408,0.9999992596,0.9999993049,0.9999993228,0.9999993651,0.9999993628,0.9999993864,0.9999993506,0.9999993395,0.9999992422,0.9999994333,0.9999992263,0.9999992518,0.9999990502,0.9999989742,0.9999987481,0.9999986711,0.9999985054,0.999998523,0.9999984944,0.999998478,0.9999996249,0.99999959,0.999999518,0.9999994079,0.9999993609,0.9999993263,0.9999993221,0.9999993163,0.9999993459,0.999999365,0.9999994133,0.9999994306,0.9999994773,0.9999994744,0.999999507,0.9999994796,0.9999994837,0.9999994333,0.9999994565,0.9999991581,0.9999991778,0.9999989523,0.999998863,0.9999986143,0.9999985192,0.9999983373,0.9999983418,0.9999983037,0.9999982841,0.9999995749,0.9999995399,0.9999994674,0.999999357,0.9999993101,0.999999276,0.9999992723,0.9999992664,0.9999992956,0.9999993122,0.9999993585,0.999999369,0.9999994104,0.9999993922,0.9999994141,0.9999993536,0.9999993395,0.9999992263,0.9999991581,0.9999989441,0.9999990161,0.9999987338,0.9999986422,0.9999983641,0.9999982471,0.9999980487,0.9999980359,0.9999979888,0.9999979656,0.999999637,0.9999996022,0.9999995308,0.9999994212,0.9999993748,0.9999993404,0.9999993367,0.9999993296,0.9999993582,0.9999993721,0.9999994161,0.9999994218,0.9999994585,0.9999994326,0.9999994479,0.9999993785,0.99999936,0.9999992518,0.9999991778,0.9999990161,0.9999989551,0.9999985794,0.9999984683,0.9999981582,0.9999980208,0.9999978019,0.9999977731,0.999997714,0.9999976867,0.9999995541,0.9999995191,0.999999447,0.9999993369,0.9999992904,0.9999992561,0.9999992519,0.9999992439,0.9999992707,0.9999992817,0.9999993221,0.9999993214,0.999999351,0.9999993135,0.999999317,0.9999992282,0.9999991925,0.9999990502,0.9999989523,0.9999987338,0.9999985794,0.9999982504,0.9999981826,0.9999978232,0.9999976756,0.9999974363,0.9999973864,0.9999973167,0.9999972851,0.9999995778,0.999999543,0.9999994717,0.9999993618,0.9999993148,0.9999992793,0.9999992738,0.9999992636,0.9999992876,0.9999992948,0.9999993299,0.9999993229,0.9999993437,0.9999992963,0.9999992872,0.9999991839,0.9999991337,0.9999989742,0.999998863,0.9999986422,0.9999984683,0.9999981826,0.9999980028,0.9999975621,0.9999973923,0.9999971245,0.9999970562,0.9999969722,0.9999969359,0.9999994566,0.9999994214,0.9999993492,0.9999992387,0.9999991914,0.9999991552,0.9999991485,0.9999991364,0.999999158,0.9999991618,0.9999991922,0.9999991791,0.9999991917,0.9999991346,0.9999991126,0.9999989951,0.9999989268,0.9999987481,0.9999986143,0.9999983641,0.9999981582,0.9999978232,0.9999975621,0.9999971379,0.9999970051,0.9999967102,0.9999966259,0.9999965317,0.9999964903,0.9999994881,0.9999994532,0.9999993814,0.9999992704,0.999999222,0.9999991843,0.9999991755,0.9999991613,0.999999179,0.9999991794,0.9999992033,0.9999991845,0.9999991871,0.9999991209,0.999999085,0.9999989538,0.9999988689,0.9999986711,0.9999985192,0.9999982471,0.9999980208,0.9999976756,0.9999973923,0.9999970051,0.9999967878,0.9999964325,0.9999963273,0.9999962148,0.9999961679,0.9999994075,0.999999372,0.9999992995,0.9999991881,0.9999991392,0.9999991002,0.9999990905,0.999999074,0.99999909,0.9999990864,0.9999991071,0.9999990821,0.999999079,0.9999990036,0.9999989589,0.9999988155,0.999998718,0.9999985054,0.9999983373,0.9999980487,0.9999978019,0.9999974363,0.9999971245,0.9999967102,0.9999964325,0.9999960772,0.999995981,0.9999958543,0.9999958019,0.9999995,0.9999994649,0.9999993924,0.9999992801,0.9999992304,0.9999991905,0.9999991793,0.9999991613,0.9999991749,0.9999991686,0.9999991853,0.9999991558,0.9999991467,0.9999990644,0.9999990112,0.9999988576,0.9999987493,0.999998523,0.9999983418,0.9999980359,0.9999977731,0.9999973864,0.9999970562,0.9999966259,0.9999963273,0.999995981,0.9999958366,0.9999956939,0.9999956379,0.9999995184,0.9999994827,0.99999941,0.9999992975,0.9999992473,0.9999992069,0.9999991948,0.9999991759,0.999999188,0.9999991799,0.9999991943,0.9999991618,0.9999991491,0.9999990623,0.9999990038,0.9999988441,0.9999987284,0.9999984944,0.9999983037,0.9999979888,0.999997714,0.9999973167,0.9999969722,0.9999965317,0.9999962148,0.9999958543,0.9999956939,0.9999955537,0.9999954953,0.9999995188,0.9999994833,0.9999994102,0.9999992977,0.9999992472,0.9999992066,0.9999991943,0.9999991749,0.9999991865,0.9999991778,0.9999991913,0.9999991578,0.9999991438,0.9999990554,0.999998995,0.9999988331,0.9999987149,0.999998478,0.9999982841,0.9999979656,0.9999976867,0.9999972851,0.9999969359,0.9999964903,0.9999961679,0.9999958019,0.9999956379,0.9999954953,0.999995428]}
var.w Grid {getGrid = [9.87588729e-2,9.87853901e-2,9.87914897e-2,9.8844299e-2,9.88747103e-2,9.89542496e-2,9.89933575e-2,9.90922144e-2,9.91248952e-2,9.92309142e-2,9.92427566e-2,9.93431733e-2,9.93235131e-2,9.94066328e-2,9.93523175e-2,9.94078369e-2,9.93258411e-2,9.93449679e-2,9.92519428e-2,9.92331288e-2,9.91449441e-2,9.90997633e-2,9.90167936e-2,9.89577335e-2,9.88920993e-2,9.88294042e-2,9.87853585e-2,9.87528763e-2,9.87434585e-2,9.87853901e-2,9.87975479e-2,9.87964728e-2,9.88515347e-2,9.88811888e-2,9.89613144e-2,9.89998663e-2,9.90989868e-2,9.91311457e-2,9.92372778e-2,9.92486043e-2,9.93490429e-2,9.93288746e-2,9.94119535e-2,9.93571538e-2,9.94125833e-2,9.93301511e-2,9.93491443e-2,9.92557574e-2,9.92367786e-2,9.9148316e-2,9.91029664e-2,9.90197806e-2,9.89605654e-2,9.88947809e-2,9.88319537e-2,9.87878173e-2,9.87552719e-2,9.87458355e-2,9.87914897e-2,9.87964728e-2,9.88155264e-2,9.88797575e-2,9.89040574e-2,9.89853719e-2,9.9021527e-2,9.91211587e-2,9.91514205e-2,9.92577302e-2,9.92673214e-2,9.93677227e-2,9.93459116e-2,9.94287985e-2,9.93724665e-2,9.94275774e-2,9.93437819e-2,9.93623387e-2,9.92678293e-2,9.92483295e-2,9.91590086e-2,9.91131331e-2,9.90292821e-2,9.89695883e-2,9.89033423e-2,9.88401101e-2,9.87956957e-2,9.87629574e-2,9.87534639e-2,9.8844299e-2,9.88515347e-2,9.88797575e-2,9.89131672e-2,9.8927628e-2,9.90166198e-2,9.90497233e-2,9.91516714e-2,9.91792699e-2,9.92865726e-2,9.92935796e-2,9.93943295e-2,9.93699899e-2,9.94528257e-2,9.93940919e-2,9.94488576e-2,9.93629058e-2,9.93808667e-2,9.92845769e-2,9.92643023e-2,9.91736209e-2,9.91269351e-2,9.90420262e-2,9.8981579e-2,9.89145979e-2,9.88507163e-2,9.88058569e-2,9.87728075e-2,9.87632225e-2,9.88747103e-2,9.88811887e-2,9.89040574e-2,9.8927628e-2,9.89845061e-2,9.90820751e-2,9.91015244e-2,9.92049345e-2,9.9226241e-2,9.93340123e-2,9.93361599e-2,9.94368416e-2,9.94082363e-2,9.94906351e-2,9.94280772e-2,9.94821058e-2,9.93928303e-2,9.94097731e-2,9.93107884e-2,9.9289294e-2,9.91965743e-2,9.91486566e-2,9.90621778e-2,9.90006084e-2,9.89325425e-2,9.88677084e-2,9.88221962e-2,9.87886927e-2,9.87789739e-2,9.89542496e-2,9.89613144e-2,9.89853719e-2,9.90166198e-2,9.90820751e-2,9.91200469e-2,9.91265395e-2,9.92454453e-2,9.92614895e-2,9.93737677e-2,9.93711784e-2,9.94737392e-2,9.94406058e-2,9.95236396e-2,9.94568305e-2,9.95107059e-2,9.94176489e-2,9.94338308e-2,9.93317577e-2,9.9309078e-2,9.92140255e-2,9.91647914e-2,9.90765012e-2,9.9013667e-2,9.89443445e-2,9.8878388e-2,9.88321101e-2,9.87980647e-2,9.87881883e-2,9.89933575e-2,9.89998662e-2,9.9021527e-2,9.90497233e-2,9.91015244e-2,9.91265394e-2,9.92065613e-2,9.93394149e-2,9.93312977e-2,9.94454882e-2,9.94320386e-2,9.95350034e-2,9.94938279e-2,9.95764752e-2,9.95029956e-2,9.95559056e-2,9.9457295e-2,9.94719963e-2,9.93655458e-2,9.93410183e-2,9.92427228e-2,9.91915955e-2,9.91008325e-2,9.90362569e-2,9.89652377e-2,9.88977843e-2,9.8850485e-2,9.88157243e-2,9.88056385e-2,9.90922144e-2,9.90989867e-2,9.91211587e-2,9.91516714e-2,9.92049345e-2,9.92454453e-2,9.93394149e-2,9.93772106e-2,9.93435917e-2,9.94818262e-2,9.94598246e-2,9.95695834e-2,9.95212861e-2,9.96066783e-2,9.95268686e-2,9.95805802e-2,9.94765147e-2,9.94907368e-2,9.93799458e-2,9.93540934e-2,9.92525942e-2,9.91998164e-2,9.91065788e-2,9.90403305e-2,9.89676026e-2,9.8898599e-2,9.88502495e-2,9.88147328e-2,9.88044304e-2,9.91248952e-2,9.91311457e-2,9.91514205e-2,9.91792699e-2,9.9226241e-2,9.92614895e-2,9.93312977e-2,9.93435917e-2,9.94174478e-2,9.9585452e-2,9.95284209e-2,9.96416928e-2,9.9578141e-2,9.96643232e-2,9.95738008e-2,9.96269396e-2,9.95146306e-2,9.95272729e-2,9.94102902e-2,9.93821779e-2,9.92762463e-2,9.922105e-2,9.91244835e-2,9.9055954e-2,9.89809658e-2,9.89099477e-2,9.88602338e-2,9.88237495e-2,9.88131673e-2,9.92309142e-2,9.92372778e-2,9.92577302e-2,9.92865726e-2,9.93340123e-2,9.93737677e-2,9.94454882e-2,9.94818262e-2,9.95854519e-2,9.96229049e-2,9.95161342e-2,9.96617462e-2,9.95853322e-2,9.96803663e-2,9.95803869e-2,9.96368118e-2,9.95169992e-2,9.95301686e-2,9.94075265e-2,9.93783237e-2,9.92683848e-2,9.92114146e-2,9.91117894e-2,9.90412931e-2,9.89642123e-2,9.88912539e-2,9.88402397e-2,9.8802797e-2,9.87919461e-2,9.92427566e-2,9.92486043e-2,9.92673214e-2,9.92935796e-2,9.93361599e-2,9.93711784e-2,9.94320386e-2,9.94598246e-2,9.9528421e-2,9.95161342e-2,9.95475908e-2,9.97516992e-2,9.96308077e-2,9.97322551e-2,9.96138059e-2,9.96717278e-2,9.95399087e-2,9.95522066e-2,9.94212999e-2,9.93898519e-2,9.9274326e-2,9.92146619e-2,9.91109377e-2,9.90377602e-2,9.89579397e-2,9.8882497e-2,9.88298197e-2,9.87911726e-2,9.87799806e-2,9.93431732e-2,9.93490429e-2,9.93677227e-2,9.93943295e-2,9.94368416e-2,9.94737392e-2,9.95350033e-2,9.95695834e-2,9.96416928e-2,9.96617462e-2,9.97516992e-2,9.97972118e-2,9.95890769e-2,9.97289507e-2,9.95928706e-2,9.96605862e-2,9.95177151e-2,9.95328372e-2,9.93944935e-2,9.93626839e-2,9.92422707e-2,9.9180927e-2,9.90735656e-2,9.89982166e-2,9.8915952e-2,9.88381801e-2,9.87839666e-2,9.87441533e-2,9.87326434e-2,9.93235132e-2,9.93288746e-2,9.93459117e-2,9.93699899e-2,9.94082363e-2,9.94406058e-2,9.94938279e-2,9.95212861e-2,9.95781411e-2,9.95853322e-2,9.96308077e-2,9.95890769e-2,9.9537956e-2,9.97789168e-2,9.95935525e-2,9.96713984e-2,9.95095667e-2,9.95266712e-2,9.93774352e-2,9.93443225e-2,9.92172585e-2,9.9153427e-2,9.90413638e-2,9.89631854e-2,9.8877853e-2,9.87972126e-2,9.8741115e-2,9.86998892e-2,9.86879925e-2,9.94066328e-2,9.94119535e-2,9.94287985e-2,9.94528256e-2,9.94906351e-2,9.95236395e-2,9.95764752e-2,9.96066782e-2,9.96643232e-2,9.96803662e-2,9.9732255e-2,9.97289507e-2,9.97789167e-2,9.9851994e-2,9.95301403e-2,9.964653e-2,9.94629718e-2,9.94881376e-2,9.93278249e-2,9.92956854e-2,9.91622958e-2,9.9096989e-2,9.89804772e-2,9.889989e-2,9.88116732e-2,9.87282101e-2,9.86702911e-2,9.86276402e-2,9.86153672e-2,9.93523176e-2,9.93571538e-2,9.93724665e-2,9.93940919e-2,9.94280772e-2,9.94568305e-2,9.95029956e-2,9.95268686e-2,9.95738008e-2,9.95803869e-2,9.96138059e-2,9.95928706e-2,9.95935525e-2,9.95301404e-2,9.93592891e-2,9.96286154e-2,9.94003045e-2,9.94387987e-2,9.92635411e-2,9.92335442e-2,9.90927518e-2,9.90262322e-2,9.89047972e-2,9.88217373e-2,9.87304265e-2,9.86438825e-2,9.85840079e-2,9.85397952e-2,9.85271189e-2,9.94078369e-2,9.94125833e-2,9.94275773e-2,9.94488576e-2,9.94821058e-2,9.95107058e-2,9.95559056e-2,9.95805801e-2,9.96269395e-2,9.96368118e-2,9.96717277e-2,9.96605861e-2,9.96713984e-2,9.964653e-2,9.96286153e-2,9.97534118e-2,9.93371456e-2,9.94035245e-2,9.92049063e-2,9.91779207e-2,9.90272082e-2,9.89591073e-2,9.88315248e-2,9.87454471e-2,9.86504236e-2,9.85602152e-2,9.84980413e-2,9.84519955e-2,9.84388489e-2,9.93258411e-2,9.93301511e-2,9.93437819e-2,9.93629059e-2,9.93928303e-2,9.94176489e-2,9.9457295e-2,9.94765147e-2,9.95146306e-2,9.95169992e-2,9.95399087e-2,9.95177151e-2,9.95095667e-2,9.94629718e-2,9.94003045e-2,9.93371457e-2,9.90286092e-2,9.92935789e-2,9.90683352e-2,9.90566386e-2,9.88989183e-2,9.88336623e-2,9.87018669e-2,9.86147576e-2,9.85172371e-2,9.84240801e-2,9.83601679e-2,9.83125274e-2,9.82990165e-2,9.93449678e-2,9.93491443e-2,9.93623387e-2,9.93808666e-2,9.94097731e-2,9.94338308e-2,9.94719963e-2,9.94907368e-2,9.95272728e-2,9.95301686e-2,9.95522066e-2,9.95328372e-2,9.95266712e-2,9.94881376e-2,9.94387986e-2,9.94035245e-2,9.92935788e-2,9.94775637e-2,9.90331494e-2,9.90278287e-2,9.8847338e-2,9.87786396e-2,9.86362692e-2,9.85443383e-2,9.84412404e-2,9.83427359e-2,9.82755848e-2,9.82253759e-2,9.82112188e-2,9.92519428e-2,9.92557574e-2,9.92678293e-2,9.92845769e-2,9.93107884e-2,9.93317577e-2,9.93655458e-2,9.93799458e-2,9.94102902e-2,9.94075265e-2,9.94212999e-2,9.93944935e-2,9.93774351e-2,9.9327825e-2,9.9263541e-2,9.92049063e-2,9.90683352e-2,9.90331495e-2,9.86204546e-2,9.88282101e-2,9.86463913e-2,9.85938115e-2,9.84500712e-2,9.83608008e-2,9.82569081e-2,9.81560952e-2,9.80878666e-2,9.80361811e-2,9.80217805e-2,9.92331288e-2,9.92367786e-2,9.92483295e-2,9.92643023e-2,9.9289294e-2,9.9309078e-2,9.93410183e-2,9.93540934e-2,9.93821779e-2,9.93783237e-2,9.93898519e-2,9.93626839e-2,9.93443225e-2,9.92956854e-2,9.92335441e-2,9.91779207e-2,9.90566386e-2,9.90278287e-2,9.88282101e-2,9.90378854e-2,9.86451803e-2,9.85779229e-2,9.84100708e-2,9.83112287e-2,9.81977653e-2,9.80883398e-2,9.80151941e-2,9.79596802e-2,9.79443402e-2,9.9144944e-2,9.9148316e-2,9.91590085e-2,9.91736208e-2,9.91965742e-2,9.92140254e-2,9.92427227e-2,9.92525942e-2,9.92762463e-2,9.92683847e-2,9.9274326e-2,9.92422707e-2,9.92172584e-2,9.91622957e-2,9.90927517e-2,9.90272081e-2,9.88989182e-2,9.8847338e-2,9.86463913e-2,9.86451802e-2,9.82098339e-2,9.83309804e-2,9.81737544e-2,9.80875542e-2,9.79772213e-2,9.78667327e-2,9.77938068e-2,9.77370554e-2,9.77216995e-2,9.90997633e-2,9.91029663e-2,9.91131332e-2,9.91269351e-2,9.91486566e-2,9.91647914e-2,9.91915955e-2,9.91998164e-2,9.922105e-2,9.92114146e-2,9.92146619e-2,9.91809271e-2,9.9153427e-2,9.9096989e-2,9.90262322e-2,9.89591074e-2,9.88336623e-2,9.87786396e-2,9.85938115e-2,9.85779229e-2,9.83309804e-2,9.85111217e-2,9.81699482e-2,9.80580274e-2,9.79296677e-2,9.7804526e-2,9.77243376e-2,9.76619256e-2,9.76452854e-2,9.90167936e-2,9.90197806e-2,9.90292821e-2,9.90420262e-2,9.90621778e-2,9.90765012e-2,9.91008325e-2,9.91065788e-2,9.91244835e-2,9.91117894e-2,9.91109377e-2,9.90735656e-2,9.90413638e-2,9.89804772e-2,9.89047971e-2,9.88315248e-2,9.87018669e-2,9.86362692e-2,9.84500712e-2,9.84100708e-2,9.81737545e-2,9.81699481e-2,9.773592e-2,9.77812707e-2,9.7676798e-2,9.75553561e-2,9.74794761e-2,9.74168243e-2,9.74008035e-2,9.89577337e-2,9.89605656e-2,9.89695886e-2,9.89815793e-2,9.90006086e-2,9.90136673e-2,9.90362571e-2,9.90403307e-2,9.90559542e-2,9.90412933e-2,9.90377604e-2,9.89982168e-2,9.89631856e-2,9.88998903e-2,9.88217375e-2,9.87454474e-2,9.86147578e-2,9.85443386e-2,9.8360801e-2,9.8311229e-2,9.80875545e-2,9.80580276e-2,9.77812709e-2,9.79338316e-2,9.76878809e-2,9.7523319e-2,9.74334088e-2,9.7360596e-2,9.73425503e-2,9.88920994e-2,9.8894781e-2,9.89033423e-2,9.89145979e-2,9.89325426e-2,9.89443445e-2,9.89652378e-2,9.89676027e-2,9.89809659e-2,9.89642124e-2,9.89579397e-2,9.8915952e-2,9.88778531e-2,9.88116733e-2,9.87304265e-2,9.86504237e-2,9.85172371e-2,9.84412405e-2,9.82569081e-2,9.81977654e-2,9.79772214e-2,9.79296677e-2,9.7676798e-2,9.76878807e-2,9.73056786e-2,9.72306105e-2,9.71694108e-2,9.71015086e-2,9.70864474e-2,9.88294057e-2,9.88319551e-2,9.88401116e-2,9.88507178e-2,9.88677099e-2,9.88783895e-2,9.88977857e-2,9.88986004e-2,9.89099492e-2,9.88912553e-2,9.88824985e-2,9.88381816e-2,9.87972141e-2,9.87282116e-2,9.86438839e-2,9.85602167e-2,9.84240816e-2,9.83427374e-2,9.81560967e-2,9.80883412e-2,9.78667343e-2,9.78045274e-2,9.75553576e-2,9.75233202e-2,9.72306119e-2,9.72723254e-2,9.71469964e-2,9.70549208e-2,9.70370805e-2,9.87853585e-2,9.87878173e-2,9.87956957e-2,9.88058569e-2,9.88221963e-2,9.88321101e-2,9.8850485e-2,9.88502495e-2,9.88602338e-2,9.88402397e-2,9.88298197e-2,9.87839666e-2,9.8741115e-2,9.86702912e-2,9.85840079e-2,9.84980413e-2,9.83601679e-2,9.82755849e-2,9.80878666e-2,9.80151941e-2,9.77938069e-2,9.77243376e-2,9.74794761e-2,9.74334086e-2,9.71694108e-2,9.71469949e-2,9.69226684e-2,9.68671788e-2,9.68604306e-2,9.87528752e-2,9.87552708e-2,9.87629563e-2,9.87728064e-2,9.87886916e-2,9.87980636e-2,9.88157233e-2,9.88147318e-2,9.88237484e-2,9.8802796e-2,9.87911715e-2,9.87441522e-2,9.86998882e-2,9.86276392e-2,9.85397941e-2,9.84519945e-2,9.83125263e-2,9.82253749e-2,9.803618e-2,9.79596792e-2,9.77370544e-2,9.76619245e-2,9.74168232e-2,9.73605947e-2,9.71015075e-2,9.70549183e-2,9.68671777e-2,9.68795761e-2,9.68568292e-2,9.87434578e-2,9.87458348e-2,9.87534632e-2,9.87632218e-2,9.87789732e-2,9.87881876e-2,9.88056379e-2,9.88044298e-2,9.88131667e-2,9.87919455e-2,9.877998e-2,9.87326427e-2,9.86879918e-2,9.86153665e-2,9.85271182e-2,9.84388483e-2,9.82990159e-2,9.82112182e-2,9.80217798e-2,9.79443396e-2,9.77216989e-2,9.76452848e-2,9.74008029e-2,9.73425494e-2,9.70864467e-2,9.70370784e-2,9.686043e-2,9.68568296e-2,9.67962309e-2]}
