Spherically Symmetric Scalar Field in double-Null coordinates
iter 0   time 4 sec   |res| 9.93844170297569e-2   |res5| 9.93844170297569e-2
iter 1   time 16 sec   |res| 1.6709539507168902e-5   |res5| 1.6709539507168902e-5
iter 2   time 17 sec   |res| 5.72557163458498e-7   |res5| 5.72557163458498e-7
iter 3   time 19 sec   |res| 5.737712633901992e-7   |res5| 5.737712633901992e-7
iter 4   time 20 sec   |res| 5.736776271803024e-7   |res5| 5.736776271803024e-7
iter 5   time 22 sec   |res| 5.736852815019233e-7   |res5| 5.736852815019233e-7
var.g Grid {getGrid = [0.9999996996,0.9999997568,0.9999998878,1.0000000231,1.0000001225,1.000000199,1.0000002792,1.0000003526,1.0000003458,1.0000001938,0.9999999059,0.9999996075,0.999999476,0.9999997568,0.9999998118,0.9999999368,1.0000000647,1.000000157,1.000000229,1.0000003084,1.0000003832,1.0000003809,1.0000002329,0.9999999493,0.9999996539,0.9999995234,0.9999998878,0.9999999368,1.0000000473,1.000000156,1.0000002312,1.0000002923,1.0000003695,1.0000004503,1.0000004578,1.0000003218,1.000000048,0.9999997595,0.9999996316,1.0000000231,1.0000000647,1.000000156,1.0000002407,1.0000002949,1.0000003435,1.0000004201,1.0000005081,1.0000005294,1.0000004054,1.0000001423,0.9999998605,0.9999997349,1.0000001225,1.000000157,1.0000002312,1.0000002949,1.0000003324,1.0000003731,1.000000451,1.0000005476,1.000000577,1.0000004597,1.0000001988,0.9999999178,0.9999997925,1.000000199,1.000000229,1.0000002923,1.0000003435,1.0000003731,1.0000004119,1.0000004932,1.0000005914,1.0000006189,1.0000004906,1.0000002165,0.999999924,0.9999997943,1.0000002792,1.0000003084,1.0000003695,1.0000004201,1.000000451,1.0000004932,1.0000005728,1.0000006615,1.0000006644,1.0000005019,1.0000001894,0.9999998684,0.9999997285,1.0000003526,1.0000003832,1.0000004503,1.0000005081,1.0000005476,1.0000005914,1.0000006615,1.00000072,1.0000006739,1.0000004465,1.0000000699,0.999999701,0.9999995437,1.0000003458,1.0000003809,1.0000004578,1.0000005294,1.000000577,1.0000006189,1.0000006644,1.0000006739,1.0000005528,1.0000002364,0.9999997719,0.9999993393,0.9999991593,1.0000001938,1.0000002329,1.0000003218,1.0000004054,1.0000004597,1.0000004906,1.0000005019,1.0000004465,1.0000002364,0.9999998171,0.9999992554,0.999998752,0.9999985467,0.9999999059,0.9999999493,1.000000048,1.0000001423,1.0000001988,1.0000002165,1.0000001894,1.0000000699,0.9999997719,0.9999992554,0.9999986034,0.9999980349,0.9999978062,0.9999996075,0.9999996539,0.9999997595,0.9999998605,0.9999999178,0.999999924,0.9999998684,0.999999701,0.9999993393,0.999998752,0.9999980349,0.9999974211,0.9999971762,0.999999476,0.9999995234,0.9999996316,0.9999997349,0.9999997925,0.9999997943,0.9999997285,0.9999995437,0.9999991593,0.9999985467,0.9999978062,0.9999971762,0.9999969254]}
var.q Grid {getGrid = [0.9999997698,0.9999998274,0.9999999621,1.0000001053,1.0000002124,1.0000002892,1.0000003634,1.000000441,1.0000004831,1.0000004422,1.000000318,1.0000001773,1.0000001151,0.9999998274,0.9999998819,1.0000000088,1.0000001425,1.000000241,1.0000003117,1.0000003829,1.0000004595,1.0000005015,1.0000004603,1.000000335,1.0000001929,1.0000001301,0.9999999621,1.0000000088,1.0000001169,1.0000002273,1.0000003048,1.0000003611,1.0000004259,1.0000005016,1.0000005441,1.0000005016,1.0000003725,1.0000002261,1.0000001613,1.0000001053,1.0000001425,1.0000002273,1.0000003094,1.000000363,1.0000004055,1.0000004669,1.0000005452,1.0000005893,1.0000005434,1.0000004058,1.0000002509,1.0000001827,1.0000002124,1.000000241,1.0000003048,1.000000363,1.0000003998,1.0000004367,1.0000005024,1.0000005875,1.0000006324,1.000000577,1.0000004229,1.0000002524,1.0000001778,1.0000002892,1.0000003117,1.0000003611,1.0000004055,1.0000004367,1.0000004779,1.0000005541,1.0000006459,1.0000006841,1.0000006062,1.0000004205,1.0000002228,1.0000001374,1.0000003634,1.0000003829,1.0000004259,1.0000004669,1.0000005024,1.0000005541,1.0000006389,1.0000007271,1.0000007404,1.0000006172,1.0000003774,1.000000135,1.0000000323,1.000000441,1.0000004595,1.0000005016,1.0000005452,1.0000005875,1.0000006459,1.0000007271,1.0000007886,1.0000007491,1.0000005503,1.0000002283,0.9999999221,0.9999997952,1.0000004831,1.0000005015,1.0000005441,1.0000005893,1.0000006324,1.0000006841,1.0000007404,1.0000007491,1.0000006254,1.0000003215,0.9999998927,0.9999995049,0.9999993474,1.0000004422,1.0000004603,1.0000005016,1.0000005434,1.000000577,1.0000006062,1.0000006172,1.0000005503,1.0000003215,0.9999998937,0.999999345,0.9999988677,0.9999986768,1.000000318,1.000000335,1.0000003725,1.0000004058,1.0000004229,1.0000004205,1.0000003774,1.0000002283,0.9999998927,0.999999345,0.9999986826,0.9999981219,0.9999979,1.0000001773,1.0000001929,1.0000002261,1.0000002509,1.0000002524,1.0000002228,1.000000135,0.9999999221,0.9999995049,0.9999988677,0.9999981219,0.9999975011,0.9999972573,1.0000001151,1.0000001301,1.0000001613,1.0000001827,1.0000001778,1.0000001374,1.0000000323,0.9999997952,0.9999993474,0.9999986768,0.9999979,0.9999972573,0.9999970055]}
var.w Grid {getGrid = [9.87688317e-2,9.88099933e-2,9.89224955e-2,9.90763114e-2,9.92302841e-2,9.93431027e-2,9.93844131e-2,9.93430984e-2,9.92302754e-2,9.90762973e-2,9.89224718e-2,9.88098884e-2,9.87689761e-2,9.88099933e-2,9.88506837e-2,9.89617984e-2,9.9113407e-2,9.92644979e-2,9.93739537e-2,9.94116493e-2,9.9366716e-2,9.92505198e-2,9.90936458e-2,9.89375994e-2,9.88236201e-2,9.87822342e-2,9.89224955e-2,9.89617984e-2,9.90688422e-2,9.92139811e-2,9.93566187e-2,9.94562098e-2,9.94833019e-2,9.9427755e-2,9.93016658e-2,9.91362991e-2,9.89737404e-2,9.88556679e-2,9.88128938e-2,9.90763114e-2,9.9113407e-2,9.92139811e-2,9.9348818e-2,9.94779782e-2,9.95618548e-2,9.95720608e-2,9.9499616e-2,9.93577796e-2,9.91788974e-2,9.90059762e-2,9.88813909e-2,9.88364094e-2,9.92302841e-2,9.92644979e-2,9.93566187e-2,9.94779782e-2,9.95895366e-2,9.96529242e-2,9.96411046e-2,9.95466229e-2,9.93842553e-2,9.9187756e-2,9.90013301e-2,9.88682575e-2,9.88204027e-2,9.93431027e-2,9.93739537e-2,9.94562098e-2,9.95618548e-2,9.96529242e-2,9.9692436e-2,9.96549146e-2,9.95347494e-2,9.93484657e-2,9.91314519e-2,9.8929305e-2,9.8786352e-2,9.87351588e-2,9.93844131e-2,9.94116493e-2,9.94833019e-2,9.95720608e-2,9.96411046e-2,9.96549146e-2,9.95897794e-2,9.94421002e-2,9.92301758e-2,9.89911703e-2,9.87721743e-2,9.86186303e-2,9.85638703e-2,9.93430984e-2,9.9366716e-2,9.9427755e-2,9.9499616e-2,9.95466229e-2,9.95347494e-2,9.94421002e-2,9.92669689e-2,9.9029366e-2,9.8768383e-2,9.85325615e-2,9.83684372e-2,9.8310136e-2,9.92302754e-2,9.92505198e-2,9.93016658e-2,9.93577796e-2,9.93842553e-2,9.93484657e-2,9.92301758e-2,9.9029366e-2,9.87678005e-2,9.84864799e-2,9.82350452e-2,9.80610825e-2,9.79995306e-2,9.90762973e-2,9.90936458e-2,9.91362991e-2,9.91788974e-2,9.9187756e-2,9.91314519e-2,9.89911703e-2,9.8768383e-2,9.84864799e-2,9.81878896e-2,9.79229337e-2,9.77404739e-2,9.76762123e-2,9.89224718e-2,9.89375994e-2,9.89737404e-2,9.90059762e-2,9.90013301e-2,9.8929305e-2,9.87721743e-2,9.85325615e-2,9.82350452e-2,9.79229337e-2,9.76472608e-2,9.74584508e-2,9.73923843e-2,9.88098884e-2,9.88236201e-2,9.88556679e-2,9.88813909e-2,9.88682575e-2,9.8786352e-2,9.86186303e-2,9.83684372e-2,9.80610825e-2,9.77404739e-2,9.74584508e-2,9.72665857e-2,9.71999577e-2,9.87689761e-2,9.87822342e-2,9.88128938e-2,9.88364094e-2,9.88204027e-2,9.87351588e-2,9.85638703e-2,9.8310136e-2,9.79995306e-2,9.76762123e-2,9.73923843e-2,9.71999577e-2,9.7133382e-2]}
res.G01 Grid {getGrid = [-2.302e-7,3.1e-9,-7.0e-9,-5.56e-8,-5.59e-8,-8.65e-8,-3.73e-8,-2.44e-8,-7.5e-9,-6.35e-8,-1.355e-7,-1.35e-7,1.151e-7,3.1e-9,-7.38e-8,-1.957e-7,-2.079e-7,-1.392e-7,-6.41e-8,5.37e-8,1.642e-7,2.681e-7,3.524e-7,3.715e-7,3.228e-7,3.158e-7,-7.0e-9,-1.957e-7,-1.484e-7,-1.7e-7,-1.124e-7,-5.47e-8,4.9e-8,1.307e-7,2.253e-7,2.658e-7,2.907e-7,3.302e-7,3.475e-7,-5.56e-8,-2.079e-7,-1.7e-7,-1.452e-7,-8.43e-8,-3.9e-8,3.02e-8,9.46e-8,1.404e-7,1.756e-7,1.962e-7,2.256e-7,2.36e-7,-5.59e-8,-1.392e-7,-1.124e-7,-8.43e-8,-8.76e-8,-4.94e-8,1.7e-9,3.37e-8,6.25e-8,6.17e-8,8.62e-8,9.25e-8,9.14e-8,-8.65e-8,-6.41e-8,-5.47e-8,-3.9e-8,-4.94e-8,-8.7e-8,-4.9e-8,-2.58e-8,-2.91e-8,-3.9e-8,-7.42e-8,-8.5e-8,-8.93e-8,-3.73e-8,5.37e-8,4.9e-8,3.02e-8,1.7e-9,-4.9e-8,-1.224e-7,-1.078e-7,-1.131e-7,-1.683e-7,-2.138e-7,-2.654e-7,-2.825e-7,-2.44e-8,1.642e-7,1.307e-7,9.46e-8,3.37e-8,-2.58e-8,-1.078e-7,-2.087e-7,-2.084e-7,-2.544e-7,-3.492e-7,-4.087e-7,-4.316e-7,-7.5e-9,2.681e-7,2.253e-7,1.404e-7,6.25e-8,-2.91e-8,-1.131e-7,-2.084e-7,-3.239e-7,-3.304e-7,-4.15e-7,-5.338e-7,-5.675e-7,-6.35e-8,3.524e-7,2.658e-7,1.756e-7,6.17e-8,-3.9e-8,-1.683e-7,-2.544e-7,-3.304e-7,-4.197e-7,-4.253e-7,-5.266e-7,-5.737e-7,-1.355e-7,3.715e-7,2.907e-7,1.962e-7,8.62e-8,-7.42e-8,-2.138e-7,-3.492e-7,-4.15e-7,-4.253e-7,-4.309e-7,-4.708e-7,-5.349e-7,-1.35e-7,3.228e-7,3.302e-7,2.256e-7,9.25e-8,-8.5e-8,-2.654e-7,-4.087e-7,-5.338e-7,-5.266e-7,-4.708e-7,-2.868e-7,-3.32e-7,1.151e-7,3.158e-7,3.475e-7,2.36e-7,9.14e-8,-8.93e-8,-2.825e-7,-4.316e-7,-5.675e-7,-5.737e-7,-5.349e-7,-3.32e-7,-8.51e-8]}
res.G22 Grid {getGrid = [-3.004e-7,-2.432e-7,-1.122e-7,2.31e-8,1.225e-7,1.99e-7,2.792e-7,3.526e-7,3.458e-7,1.938e-7,-9.41e-8,-3.925e-7,-5.24e-7,-2.432e-7,-3.46e-8,-4.47e-8,1.51e-8,2.53e-8,2.44e-8,1.37e-8,1.0e-8,1.69e-8,3.11e-8,4.87e-8,3.1e-8,1.8e-9,-1.122e-7,-4.47e-8,-1.727e-7,-8.53e-8,-5.98e-8,2.3e-8,-2.18e-8,5.7e-8,2.34e-8,1.459e-7,9.76e-8,9.96e-8,-1.33e-8,2.31e-8,1.51e-8,-8.53e-8,-9.88e-8,-6.88e-8,-5.09e-8,-1.3e-9,-3.0e-9,9.24e-8,1.396e-7,1.581e-7,5.37e-8,4.8e-9,1.225e-7,2.53e-8,-5.98e-8,-6.88e-8,-9.73e-8,-3.36e-8,-1.002e-7,-6.4e-9,1.09e-8,1.365e-7,8.68e-8,6.3e-8,-5.6e-9,1.99e-7,2.44e-8,2.3e-8,-5.09e-8,-3.36e-8,-7.89e-8,-5.6e-8,-1.391e-7,-2.85e-8,1.48e-8,7.72e-8,4.21e-8,1.0e-9,2.792e-7,1.37e-8,-2.18e-8,-1.3e-9,-1.002e-7,-5.6e-8,-1.222e-7,-1.198e-7,-1.644e-7,-4.12e-8,3.65e-8,1.26e-8,8.1e-9,3.526e-7,1.0e-8,5.7e-8,-3.0e-9,-6.4e-9,-1.391e-7,-1.198e-7,-1.936e-7,-2.26e-7,-1.728e-7,-5.16e-8,6.33e-8,-1.28e-8,3.458e-7,1.69e-8,2.34e-8,9.24e-8,1.09e-8,-2.85e-8,-1.644e-7,-2.26e-7,-2.812e-7,-3.273e-7,-9.28e-8,-5.4e-8,2.68e-8,1.938e-7,3.11e-8,1.459e-7,1.396e-7,1.365e-7,1.48e-8,-4.12e-8,-1.728e-7,-3.273e-7,-3.57e-7,-4.118e-7,1.96e-8,-2.26e-8,-9.41e-8,4.87e-8,9.76e-8,1.581e-7,8.68e-8,7.72e-8,3.65e-8,-5.16e-8,-9.28e-8,-4.118e-7,-3.427e-7,-3.314e-7,4.9e-8,-3.925e-7,3.1e-8,9.96e-8,5.37e-8,6.3e-8,4.21e-8,1.26e-8,6.33e-8,-5.4e-8,1.96e-8,-3.314e-7,-2.715e-7,-4.98e-8,-5.24e-7,1.8e-9,-1.33e-8,4.8e-9,-5.6e-9,1.0e-9,8.1e-9,-1.28e-8,2.68e-8,-2.26e-8,4.9e-8,-4.98e-8,-5.04e-8]}
res.SW2 Grid {getGrid = [-2.4e-9,2.2e-9,3.1e-9,2.6e-9,4.0e-10,1.1e-9,-3.9e-9,-3.2e-9,-8.3e-9,-1.16e-8,-2.05e-8,-1.027e-7,1.42e-7,2.2e-9,0.0,0.0,0.0,0.0,1.0e-10,1.0e-10,1.0e-10,0.0,0.0,0.0,-1.0e-10,0.0,3.1e-9,0.0,0.0,0.0,0.0,1.0e-10,1.0e-10,1.0e-10,1.0e-10,0.0,0.0,-1.0e-10,0.0,2.6e-9,0.0,0.0,0.0,1.0e-10,1.0e-10,1.0e-10,1.0e-10,1.0e-10,0.0,-1.0e-10,-2.0e-10,-1.0e-10,4.0e-10,0.0,0.0,1.0e-10,0.0,1.0e-10,1.0e-10,1.0e-10,0.0,-1.0e-10,-2.0e-10,-2.0e-10,-1.0e-10,1.1e-9,1.0e-10,1.0e-10,1.0e-10,1.0e-10,0.0,0.0,0.0,-1.0e-10,-2.0e-10,-3.0e-10,-3.0e-10,-1.0e-10,-3.9e-9,1.0e-10,1.0e-10,1.0e-10,1.0e-10,0.0,0.0,0.0,-2.0e-10,-3.0e-10,-4.0e-10,-3.0e-10,-1.0e-10,-3.2e-9,1.0e-10,1.0e-10,1.0e-10,1.0e-10,0.0,0.0,1.0e-10,-1.0e-10,-4.0e-10,-5.0e-10,-3.0e-10,-1.0e-10,-8.3e-9,0.0,1.0e-10,1.0e-10,0.0,-1.0e-10,-2.0e-10,-1.0e-10,0.0,-1.0e-10,-4.0e-10,-3.0e-10,-1.0e-10,-1.16e-8,0.0,0.0,0.0,-1.0e-10,-2.0e-10,-3.0e-10,-4.0e-10,-1.0e-10,0.0,-2.0e-10,-3.0e-10,0.0,-2.05e-8,0.0,0.0,-1.0e-10,-2.0e-10,-3.0e-10,-4.0e-10,-5.0e-10,-4.0e-10,-2.0e-10,0.0,-1.0e-10,0.0,-1.027e-7,-1.0e-10,-1.0e-10,-2.0e-10,-2.0e-10,-3.0e-10,-3.0e-10,-3.0e-10,-3.0e-10,-3.0e-10,-1.0e-10,0.0,0.0,1.42e-7,0.0,0.0,-1.0e-10,-1.0e-10,-1.0e-10,-1.0e-10,-1.0e-10,-1.0e-10,0.0,0.0,0.0,0.0]}
res.G00 Grid {getGrid = [0.0,0.0,0.0,0.0,0.0,0.0,0.0,0.0,0.0,0.0,0.0,0.0,0.0,0.0,3.7e-9,1.04e-8,4.3e-9,1.83e-8,5.4e-9,1.02e-8,6.5e-9,4.1e-9,1.81e-8,1.2e-9,-4.3e-9,-4.26e-8,0.0,3.3e-8,1.65e-8,2.2e-8,1.47e-8,6.99e-8,3.7e-8,4.56e-8,4.13e-8,5.07e-8,4.59e-8,-9.88e-8,-1.833e-7,0.0,3.9e-9,5.52e-8,6.3e-9,-1.58e-8,2.74e-8,6.42e-8,7.46e-8,4.84e-8,3.75e-8,-7.19e-8,-1.248e-7,-1.331e-7,0.0,-8.44e-8,5.55e-8,5.76e-8,1.63e-8,-1.23e-8,4.41e-8,7.48e-8,5.81e-8,-1.22e-8,-5.89e-8,-1.376e-7,-1.805e-7,0.0,-4.26e-8,-3.59e-8,6.11e-8,1.45e-8,1.32e-8,1.62e-8,8.11e-8,2.34e-8,-9.0e-9,-1.074e-7,-1.5e-7,-1.679e-7,0.0,-4.21e-8,1.87e-8,1.42e-8,7.85e-8,-2.97e-8,2.6e-8,1.038e-7,1.143e-7,-1.01e-8,-7.09e-8,-1.955e-7,-2.602e-7,0.0,-4.4e-9,1.3e-8,6.7e-8,6.94e-8,8.07e-8,-9.27e-8,2.64e-8,1.881e-7,1.192e-7,-1.061e-7,-1.926e-7,-2.404e-7,0.0,6.4e-9,3.88e-8,7.43e-8,1.391e-7,1.569e-7,1.082e-7,-9.27e-8,4.87e-8,2.529e-7,1.182e-7,-1.763e-7,-3.226e-7,0.0,-5.87e-8,6.0e-10,9.31e-8,1.388e-7,1.69e-7,1.906e-7,1.484e-7,-8.45e-8,5.66e-8,2.213e-7,-3.79e-8,-1.812e-7,0.0,-6.86e-8,4.71e-8,9.76e-8,1.14e-7,1.148e-7,1.579e-7,1.858e-7,1.79e-7,-2.0e-9,1.308e-7,1.817e-7,-2.319e-7,0.0,-5.19e-8,8.65e-8,-4.0e-10,7.77e-8,-1.55e-8,9.26e-8,1.63e-8,1.223e-7,1.287e-7,-2.31e-8,1.004e-7,5.12e-8,0.0,4.8e-9,-2.6e-9,1.79e-8,-1.58e-8,2.56e-8,-1.62e-8,2.28e-8,-5.0e-9,-7.9e-9,8.29e-8,-9.6e-9,-1.0e-8]}
res.G11 Grid {getGrid = [0.0,0.0,0.0,0.0,0.0,0.0,0.0,0.0,0.0,0.0,0.0,0.0,0.0,0.0,3.7e-9,3.3e-8,3.9e-9,-8.44e-8,-4.26e-8,-4.21e-8,-4.4e-9,6.4e-9,-5.87e-8,-6.86e-8,-5.19e-8,4.8e-9,0.0,1.04e-8,1.65e-8,5.52e-8,5.55e-8,-3.59e-8,1.87e-8,1.3e-8,3.88e-8,6.0e-10,4.71e-8,8.65e-8,-2.6e-9,0.0,4.3e-9,2.2e-8,6.3e-9,5.76e-8,6.11e-8,1.42e-8,6.7e-8,7.43e-8,9.31e-8,9.76e-8,-4.0e-10,1.79e-8,0.0,1.83e-8,1.47e-8,-1.58e-8,1.63e-8,1.45e-8,7.85e-8,6.94e-8,1.391e-7,1.388e-7,1.14e-7,7.77e-8,-1.58e-8,0.0,5.4e-9,6.99e-8,2.74e-8,-1.23e-8,1.32e-8,-2.97e-8,8.07e-8,1.569e-7,1.69e-7,1.148e-7,-1.55e-8,2.56e-8,0.0,1.02e-8,3.7e-8,6.42e-8,4.41e-8,1.62e-8,2.6e-8,-9.27e-8,1.082e-7,1.906e-7,1.579e-7,9.26e-8,-1.62e-8,0.0,6.5e-9,4.56e-8,7.46e-8,7.48e-8,8.11e-8,1.038e-7,2.64e-8,-9.27e-8,1.484e-7,1.858e-7,1.63e-8,2.28e-8,0.0,4.1e-9,4.13e-8,4.84e-8,5.81e-8,2.34e-8,1.143e-7,1.881e-7,4.87e-8,-8.45e-8,1.79e-7,1.223e-7,-5.0e-9,0.0,1.81e-8,5.07e-8,3.75e-8,-1.22e-8,-9.0e-9,-1.01e-8,1.192e-7,2.529e-7,5.66e-8,-2.0e-9,1.287e-7,-7.9e-9,0.0,1.2e-9,4.59e-8,-7.19e-8,-5.89e-8,-1.074e-7,-7.09e-8,-1.061e-7,1.182e-7,2.213e-7,1.308e-7,-2.31e-8,8.29e-8,0.0,-4.3e-9,-9.88e-8,-1.248e-7,-1.376e-7,-1.5e-7,-1.955e-7,-1.926e-7,-1.763e-7,-3.79e-8,1.817e-7,1.004e-7,-9.6e-9,0.0,-4.26e-8,-1.833e-7,-1.331e-7,-1.805e-7,-1.679e-7,-2.602e-7,-2.404e-7,-3.226e-7,-1.812e-7,-2.319e-7,5.12e-8,-1.0e-8]}
S var.g Grid {getGrid = [1.0000005782,3.671e-7,1.217e-7,-6.331e-7,-8.559e-7,1.53e-7,7.998e-7,-4.218e-7,-1.4612e-6,4.272e-7,1.2526e-6,-1.679e-7,-4.263e-7,3.672e-7,-1.432e-7,-4.15e-7,-5.355e-7,6.94e-8,1.4902e-6,-4.402e-7,-2.9456e-6,9.617e-7,2.6012e-6,-9.331e-7,-8.44e-7,3.375e-7,1.202e-7,-4.132e-7,-1.4042e-6,4.3e-9,9.397e-6,5.082e-7,-3.69852e-5,-2.2892e-6,6.63306e-5,3.2254e-6,-5.52116e-5,-1.4592e-6,1.73349e-5,-6.322e-7,-5.669e-7,1.53e-8,6.3273e-6,-6.964e-7,-3.14156e-5,5.8756e-6,6.52284e-5,-1.61862e-5,-6.02929e-5,1.81311e-5,2.05234e-5,-7.1317e-6,-8.541e-7,8.2e-8,9.3823e-6,-6.652e-7,-9.91379e-5,-2.3557e-6,3.868937e-4,1.81503e-5,-6.893305e-4,-2.87465e-5,5.703026e-4,1.36522e-5,-1.780749e-4,1.526e-7,1.7469e-6,4.701e-7,-3.1825e-5,-2.1931e-6,1.595325e-4,-7.3687e-6,-3.325649e-4,4.24683e-5,3.079507e-4,-5.98111e-5,-1.048939e-4,2.64012e-5,7.989e-7,-6.594e-7,-3.69217e-5,6.064e-6,3.867573e-4,-7.1552e-6,-1.4979509e-3,-3.70816e-5,2.6525371e-3,8.04363e-5,-2.1832455e-3,-4.21205e-5,6.786939e-4,-4.231e-7,-3.6566e-6,-2.2207e-6,6.64279e-5,1.79114e-5,-3.333561e-4,-3.67945e-5,6.950059e-4,5.1307e-6,-6.43068e-4,4.65804e-5,2.187515e-4,-3.04947e-5,-1.4606e-6,1.6745e-6,6.62088e-5,-1.70324e-5,-6.890127e-4,4.25034e-5,2.6523415e-3,5.2642e-6,-4.6720356e-3,-8.69545e-5,3.8280152e-3,5.55377e-5,-1.1852738e-3,4.283e-7,3.395e-6,3.1587e-6,-6.16199e-5,-2.85483e-5,3.089712e-4,8.02731e-5,-6.435627e-4,-8.69226e-5,5.947408e-4,2.49959e-5,-2.020233e-4,6.8909e-6,1.252e-6,-1.7853e-6,-5.50988e-5,1.9238e-5,5.699985e-4,-6.01167e-5,-2.1830527e-3,4.66261e-5,3.8280077e-3,2.49738e-5,-3.1238645e-3,-2.98308e-5,9.637759e-4,-1.682e-7,-1.1527e-6,-1.4333e-6,2.10299e-5,1.35755e-5,-1.052764e-4,-4.20618e-5,2.189437e-4,5.55413e-5,-2.020309e-4,-2.98581e-5,6.85257e-5,4.3044e-6,-4.262e-7,6.823e-7,1.72947e-5,-7.6016e-6,-1.779653e-4,2.65834e-5,6.78624e-4,-3.056e-5,-1.1852724e-3,6.9148e-6,9.637745e-4,4.2883e-6,-2.963718e-4]}
S var.q Grid {getGrid = [1.0000006443,3.701e-7,6.23e-8,-5.377e-7,-5.62e-7,6.47e-8,1.82e-7,-1.392e-7,-2.299e-7,1.143e-7,1.494e-7,-3.79e-8,-4.34e-8,3.701e-7,-5.0e-8,-5.182e-7,-2.493e-7,1.266e-7,-6.932e-7,-2.884e-7,1.399e-6,5.63e-8,-1.3077e-6,2.895e-7,4.515e-7,-1.858e-7,6.08e-8,-5.164e-7,-7.625e-7,7.19e-8,1.8856e-6,6.25e-8,-5.4431e-6,-6.094e-7,7.4955e-6,8.145e-7,-4.9385e-6,-3.261e-7,1.2555e-6,-5.368e-7,-2.807e-7,8.3e-8,-1.6504e-6,-7.372e-7,6.7967e-6,3.1816e-6,-1.20683e-5,-5.6942e-6,9.6645e-6,4.4955e-6,-2.8731e-6,-1.3001e-6,-5.601e-7,1.393e-7,1.8709e-6,-7.06e-7,-1.43739e-5,6.646e-7,4.29956e-5,2.3028e-6,-5.92992e-5,-4.3261e-6,3.81244e-5,1.9107e-6,-9.2907e-6,6.44e-8,-4.365e-7,2.44e-8,6.3873e-6,8.273e-7,-2.66072e-5,-9.0389e-6,4.69142e-5,2.20844e-5,-3.6682e-5,-2.1254e-5,1.04912e-5,7.2135e-6,1.811e-7,-5.076e-7,-5.3796e-6,3.37e-6,4.28586e-5,-8.8249e-6,-1.266641e-4,6.7795e-6,1.685116e-4,8.833e-7,-1.020199e-4,-1.7203e-6,2.27215e-5,-1.404e-7,6.88e-7,-5.409e-7,-1.08688e-5,2.0637e-6,4.61231e-5,7.0674e-6,-8.16924e-5,-2.91893e-5,6.3412e-5,3.3291e-5,-1.78239e-5,-1.24024e-5,-2.292e-7,7.69e-7,7.3737e-6,-6.5403e-6,-5.89816e-5,2.21192e-5,1.683151e-4,-2.90533e-5,-2.090968e-4,1.6307e-5,1.121946e-4,-3.5461e-6,-1.99629e-5,1.153e-7,-5.14e-7,7.477e-7,8.3375e-6,-4.1278e-6,-3.56616e-5,7.207e-7,6.29174e-5,1.634e-5,-4.80584e-5,-2.37548e-5,1.31239e-5,9.7919e-6,1.489e-7,-5.627e-7,-4.8257e-6,5.6024e-6,3.78203e-5,-2.156e-5,-1.018262e-4,3.33375e-5,1.121983e-4,-2.37772e-5,-4.54932e-5,6.8795e-6,2.3134e-6,-3.82e-8,1.428e-7,-3.003e-7,-2.3666e-6,1.8339e-6,1.01087e-5,-1.6614e-6,-1.76316e-5,-3.5432e-6,1.31164e-5,6.8524e-6,-3.4224e-6,-3.0796e-6,-4.33e-8,1.59e-7,1.2154e-6,-1.7699e-6,-9.1811e-6,7.3956e-6,2.26516e-5,-1.24676e-5,-1.99601e-5,9.8158e-6,2.3139e-6,-3.0956e-6,2.8936e-6]}
S var.w Grid {getGrid = [9.95897799e-2,-4.114802e-4,-6.158205e-4,7.5531e-6,-4.6895e-6,-3.98732e-5,2.2917e-6,9.76039e-5,3.06419e-5,-1.048908e-4,-5.4038e-5,4.08159e-5,2.59767e-5,-4.114802e-4,-4.10547e-4,4.532e-6,-2.6767e-6,-2.21531e-5,1.225e-6,5.25768e-5,1.64117e-5,-5.56003e-5,-2.85188e-5,2.14638e-5,1.35833e-5,-3.41e-8,-6.158206e-4,4.5322e-6,-2.4119e-6,-1.89881e-5,1.042e-6,4.30024e-5,1.31973e-5,-4.44287e-5,-2.25803e-5,1.68831e-5,1.06431e-5,-1.7e-9,2.2e-9,7.5532e-6,-2.6798e-6,-1.8987e-5,9.872e-7,3.98108e-5,1.20412e-5,-3.98765e-5,-2.01915e-5,1.49572e-5,9.4685e-6,-9.35e-8,-4.88e-8,4.15e-8,-4.6893e-6,-2.21518e-5,1.0405e-6,3.98139e-5,1.16741e-5,-3.8051e-5,-1.89461e-5,1.38896e-5,8.7019e-6,9.3e-9,-3.7e-8,-2.8e-9,1.08e-8,-3.98733e-5,1.2504e-6,4.29986e-5,1.20005e-5,-3.80349e-5,-1.8597e-5,1.34005e-5,8.379e-6,1.01e-7,-7.87e-8,-5.91e-8,2.95e-8,1.07e-8,2.2916e-6,5.2555e-5,1.32036e-5,-3.98576e-5,-1.89596e-5,1.34215e-5,8.3635e-6,1.102e-7,-2.922e-7,-1.054e-7,2.469e-7,3.68e-8,-7.88e-8,9.76038e-5,1.63413e-5,-4.44219e-5,-2.00724e-5,1.38659e-5,8.3002e-6,1.386e-7,9.1e-9,-2.429e-7,-5.9e-9,1.94e-7,2.0e-9,-5.79e-8,3.06421e-5,-5.55295e-5,-2.25923e-5,1.48729e-5,8.7333e-6,1.048e-7,-3.12e-7,-2.297e-7,5.683e-7,2.214e-7,-4.838e-7,-7.79e-8,1.558e-7,-1.048908e-4,-2.84402e-5,1.68764e-5,9.3367e-6,2.9e-8,2.29e-8,-1.215e-7,-5.5e-8,2.243e-7,5.71e-8,-1.895e-7,-2.13e-8,5.99e-8,-5.40382e-5,2.13792e-5,1.06542e-5,1.67e-8,-6.7e-8,-8.98e-8,2.658e-7,1.987e-7,-4.836e-7,-1.92e-7,4.116e-7,6.75e-8,-1.325e-7,4.08158e-5,1.35528e-5,9.0e-10,1.5e-9,-1.05e-8,-8.6e-9,4.27e-8,2.11e-8,-7.76e-8,-2.21e-8,6.48e-8,8.3e-9,-2.03e-8,2.59767e-5,1.0e-10,-1.7e-9,-5.3e-9,2.16e-8,2.89e-8,-8.58e-8,-6.44e-8,1.559e-7,6.23e-8,-1.325e-7,-2.19e-8,4.26e-8]}
S res.G01 Grid {getGrid = [-1.224e-7,-1.824e-7,9.617e-7,1.578e-6,-5.5347e-6,-9.6751e-6,1.67162e-5,2.33796e-5,-2.85238e-5,-2.47971e-5,2.52214e-5,9.5743e-6,-8.8782e-6,-1.824e-7,-2.7361e-6,-1.067e-7,2.56699e-5,3.2999e-6,-1.091592e-4,-5.4372e-6,2.069175e-4,-1.61629e-5,-1.824973e-4,4.11415e-5,6.14722e-5,-2.29205e-5,9.616e-7,-1.067e-7,-2.79507e-5,7.129e-7,1.756912e-4,1.16227e-5,-4.123837e-4,-3.40135e-5,3.939991e-4,3.12672e-5,-1.095956e-4,-8.8983e-6,-2.07625e-5,1.578e-6,2.56699e-5,7.13e-7,-2.970065e-4,-9.15297e-5,1.2492189e-3,4.615636e-4,-2.1835895e-3,-7.780444e-4,1.7093427e-3,4.923889e-4,-5.050642e-4,-8.41943e-5,-5.5347e-6,3.2998e-6,1.756911e-4,-9.15287e-5,-1.1579881e-3,2.840196e-4,2.5166322e-3,-3.95172e-4,-1.5561157e-3,2.500009e-4,-7.969457e-4,-5.6181e-5,8.255532e-4,-9.6751e-6,-1.091594e-4,1.16224e-5,1.2492202e-3,2.840228e-4,-5.4380234e-3,-1.6748092e-3,9.5876293e-3,2.7499899e-3,-7.5139894e-3,-1.4101371e-3,2.234347e-3,3.06358e-5,1.67162e-5,-5.4369e-6,-4.123836e-4,4.6156e-4,2.5166316e-3,-1.6747944e-3,-3.5027791e-3,2.6011175e-3,-4.1475956e-3,-1.6798644e-3,1.14828251e-2,3.19427e-4,-5.957505e-3,2.33796e-5,2.06918e-4,-3.40131e-5,-2.1835945e-3,-3.951772e-4,9.5876402e-3,2.6011461e-3,-1.66475421e-2,-3.835444e-3,1.27549762e-2,9.852949e-4,-3.7427993e-3,7.062729e-4,-2.85238e-5,-1.61634e-5,3.939989e-4,-7.780372e-4,-1.5561136e-3,2.7499563e-3,-4.1476007e-3,-3.8353707e-3,2.56527685e-2,1.6880285e-3,-3.62518122e-2,1.527416e-4,1.59426474e-2,-2.47971e-5,-1.824979e-4,3.1267e-5,1.709349e-3,2.500051e-4,-7.5140076e-3,-1.6798924e-3,1.27549929e-2,1.6881062e-3,-9.4817089e-3,1.1926996e-3,2.7397276e-3,-1.5183085e-3,2.52214e-5,4.11419e-5,-1.095955e-4,4.923819e-4,-7.969485e-4,-1.4101014e-3,1.14828344e-2,9.852119e-4,-3.62518221e-2,1.1927907e-3,4.35250697e-2,-1.2694543e-3,-1.78775551e-2,9.5743e-6,6.14724e-5,-8.8982e-6,-5.050668e-4,-5.61824e-5,2.2343556e-3,3.19438e-4,-3.7428097e-3,1.5271e-4,2.739732e-3,-1.2694169e-3,-7.975361e-4,8.78516e-4,-8.8782e-6,-2.29207e-5,-2.07626e-5,-8.41917e-5,8.255545e-4,3.06218e-5,-5.95751e-3,7.063067e-4,1.59426544e-2,-1.5183461e-3,-1.78775585e-2,8.785314e-4,7.0969088e-3]}
S res.G22 Grid {getGrid = [-1.222e-7,-1.073e-7,1.1876e-6,-6.248e-7,-1.2889e-5,7.0916e-6,4.61905e-5,-2.17082e-5,-6.62991e-5,2.74137e-5,3.82791e-5,-1.22007e-5,-6.2031e-6,-1.073e-7,5.4724e-6,9.9213e-6,-9.88472e-5,-1.296401e-4,5.205707e-4,5.810223e-4,-1.1493434e-3,-1.1510819e-3,1.1236972e-3,1.0366659e-3,-4.019715e-4,-3.468773e-4,1.1876e-6,9.9213e-6,-9.50085e-5,-2.036222e-4,9.907272e-4,1.1195313e-3,-3.7052638e-3,-2.5292181e-3,6.2633693e-3,2.50055e-3,-4.8923749e-3,-8.973193e-4,1.4372134e-3,-6.248e-7,-9.88472e-5,-2.036219e-4,1.7607873e-3,2.6610755e-3,-9.4657555e-3,-1.20897304e-2,2.09974468e-2,2.4272912e-2,-2.04479688e-2,-2.21065837e-2,7.2601036e-3,7.4719111e-3,-1.2889e-5,-1.296402e-4,9.907273e-4,2.6610766e-3,-9.7147698e-3,-1.4605621e-2,3.48455805e-2,3.28061779e-2,-5.70014037e-2,-3.22234681e-2,4.32292604e-2,1.14925301e-2,-1.23363857e-2,7.0917e-6,5.205708e-4,1.1195296e-3,-9.4657571e-3,-1.4605613e-2,5.12849449e-2,6.6255398e-2,-0.1140745518,-0.1328450164,0.1111528169,0.1207713284,-3.94511379e-2,-4.07356593e-2,4.61905e-5,5.810224e-4,-3.7052651e-3,-1.20897324e-2,3.48455888e-2,6.62554095e-2,-0.1202637921,-0.148152999,0.1895233529,0.1447714786,-0.1381881306,-5.13626787e-2,3.77457413e-2,-2.17084e-5,-1.1493439e-3,-2.5292139e-3,2.09974539e-2,3.28061575e-2,-0.1140745702,-0.1481529747,0.2538454732,0.2959312495,-0.2472127682,-0.268017481,8.76740002e-2,9.00637983e-2,-6.62991e-5,-1.1510821e-3,6.263373e-3,2.42729138e-2,-5.70014351e-2,-0.1328450158,0.1895234166,0.2959312257,-0.2869722549,-0.2879364986,0.1998201679,0.1017121823,-5.15854566e-2,2.74139e-5,1.1236979e-3,2.5005453e-3,-2.04479787e-2,-3.2223446e-2,0.1111528506,0.1447714578,-0.2472128026,-0.2879365452,0.2404756849,0.2596762476,-8.51762233e-2,-8.69000683e-2,3.82791e-5,1.0366661e-3,-4.8923794e-3,-2.2106585e-2,4.32293011e-2,0.1207713181,-0.1381882387,-0.2680174231,0.1998202643,0.2596761576,-0.1312239899,-9.1335055e-2,3.12437573e-2,-1.22007e-5,-4.019718e-4,-8.973174e-4,7.2601082e-3,1.14925216e-2,-3.94511549e-2,-5.13626724e-2,8.76740232e-2,0.1017122067,-8.51762337e-2,-9.1335098e-2,3.01276992e-2,3.04348906e-2,-6.2031e-6,-3.468774e-4,1.4372153e-3,7.4719118e-3,-1.23364033e-2,-4.07356549e-2,3.77457931e-2,9.00637726e-2,-5.15855175e-2,-8.69000285e-2,3.12437823e-2,3.04348717e-2,-6.5113215e-3]}
S res.SW2 Grid {getGrid = [0.0,-2.0e-9,2.9e-9,4.41e-8,-5.71e-8,-2.923e-7,3.323e-7,7.604e-7,-8.153e-7,-8.491e-7,8.82e-7,3.407e-7,-3.468e-7,-2.0e-9,-1.721e-7,4.69e-8,3.9217e-6,-4.966e-7,-2.50599e-5,2.0263e-6,6.42395e-5,-4.0676e-6,-7.10816e-5,4.03e-6,2.82742e-5,-1.5878e-6,2.9e-9,4.69e-8,5.75e-8,-9.34e-7,-2.1626e-6,5.9644e-6,1.55151e-5,-1.52763e-5,-4.17695e-5,1.68109e-5,4.73881e-5,-6.609e-6,-1.91055e-5,4.41e-8,3.9217e-6,-9.339e-7,-8.92033e-5,8.9714e-6,5.699072e-4,-3.19844e-5,-1.4610157e-3,5.65345e-5,1.6166682e-3,-5.17114e-5,-6.430214e-4,2.01652e-5,-5.71e-8,-4.966e-7,-2.1626e-6,8.9717e-6,6.73308e-5,-5.65541e-5,-4.634423e-4,1.41965e-4,1.2262352e-3,-1.521837e-4,-1.3793071e-3,5.7637e-5,5.537217e-4,-2.923e-7,-2.50599e-5,5.9642e-6,5.699071e-4,-5.65525e-5,-3.6409708e-3,1.99943e-4,9.334352e-3,-3.505927e-4,-1.03292746e-2,3.188825e-4,4.1085706e-3,-1.242681e-4,3.323e-7,2.0263e-6,1.55149e-5,-3.1985e-5,-4.634409e-4,1.999464e-4,3.1625379e-3,-4.905971e-4,-8.3379663e-3,5.073779e-4,9.3619395e-3,-1.813805e-4,-3.7549145e-3,7.604e-7,6.42394e-5,-1.52758e-5,-1.4610156e-3,1.419611e-4,9.334352e-3,-4.905887e-4,-2.39309598e-2,8.403076e-4,2.64820662e-2,-7.516923e-4,-1.05335734e-2,2.921419e-4,-8.153e-7,-4.0677e-6,-4.17689e-5,5.65348e-5,1.2262294e-3,-3.50593e-4,-8.3379537e-3,8.403092e-4,2.19506626e-2,-8.34891e-4,-2.46281541e-2,2.77672e-4,9.8741136e-3,-8.491e-7,-7.10816e-5,1.68103e-5,1.6166681e-3,-1.521794e-4,-1.03292749e-2,5.073682e-4,2.64820669e-2,-8.348876e-4,-2.93051674e-2,7.245995e-4,1.16563975e-2,-2.801655e-4,8.82e-7,4.0301e-6,4.73873e-5,-5.17109e-5,-1.3792993e-3,3.188779e-4,9.3619174e-3,-7.516818e-4,-2.46281335e-2,7.245902e-4,2.76217539e-2,-2.268741e-4,-1.10720466e-2,3.407e-7,2.82742e-5,-6.6088e-6,-6.430213e-4,5.76353e-5,4.1085708e-3,-1.813765e-4,-1.05335739e-2,2.7767e-4,1.16563978e-2,-2.268769e-4,-4.6363396e-3,8.67869e-5,-3.468e-7,-1.5878e-6,-1.91052e-5,2.01648e-5,5.537183e-4,-1.242651e-4,-3.7549037e-3,2.921349e-4,9.8741003e-3,-2.801586e-4,-1.1072041e-2,8.67846e-5,4.4376279e-3]}
S res.G00 Grid {getGrid = [2.6e-8,4.846e-7,-3.456e-7,-4.349e-6,1.08802e-5,1.6363e-5,-5.59012e-5,-3.10941e-5,1.12833e-4,2.85351e-5,-1.010593e-4,-1.00697e-5,3.34367e-5,-4.166e-7,-7.54e-8,9.2978e-6,1.8797e-6,-3.78336e-5,2.6344e-6,4.61046e-5,-2.42834e-5,2.42427e-5,3.21236e-5,-8.41468e-5,-1.22318e-5,4.2799e-5,-2.0154e-6,-1.08652e-5,7.73345e-5,1.216361e-4,-7.838104e-4,-4.666431e-4,3.1574574e-3,8.311772e-4,-5.8482118e-3,-7.127018e-4,5.0013131e-3,2.384915e-4,-1.6009728e-3,3.613e-6,-2.00738e-5,-8.95367e-5,1.839535e-4,3.900011e-4,-6.482049e-4,-2.269977e-4,1.1000624e-3,-1.3367553e-3,-8.673282e-4,2.3451101e-3,2.489445e-4,-1.088081e-3,1.94572e-5,4.38477e-5,-7.524703e-4,-5.933697e-4,7.3961124e-3,2.5515343e-3,-2.89323065e-2,-5.0023214e-3,5.26104607e-2,4.7322233e-3,-4.4438698e-2,-1.7456919e-3,1.40836667e-2,-8.4344e-6,1.106602e-4,2.159204e-4,-1.2530358e-3,-7.600333e-4,4.5282536e-3,-1.6482991e-3,-7.0721272e-3,1.03803662e-2,4.8271231e-3,-1.45042977e-2,-1.1252299e-3,6.3404217e-3,-6.05277e-5,-1.92698e-5,2.4676302e-3,3.332006e-4,-2.48632796e-2,-1.8042354e-3,9.7315193e-2,4.9979496e-3,-0.1759453929,-6.8008159e-3,0.1473847314,3.3562737e-3,-4.62352517e-2,6.6686e-6,-2.261666e-4,-7.66873e-5,3.0239463e-3,-7.974516e-4,-1.17961522e-2,9.7153833e-3,1.89376575e-2,-3.01271404e-2,-1.28923135e-2,3.62084984e-2,2.9169877e-3,-1.49653119e-2,8.60576e-5,-1.490581e-4,-3.5449196e-3,2.2920904e-3,3.715838e-2,-1.00550121e-2,-0.1474321787,1.65776267e-2,0.2671647963,-9.5401233e-3,-0.2228502551,7.466784e-4,6.92903214e-2,6.199e-7,2.072961e-4,-2.271638e-4,-3.1657855e-3,2.9213249e-3,1.33719069e-2,-1.52421301e-2,-2.27582313e-2,3.66389252e-2,1.64098164e-2,-3.96293127e-2,-4.028693e-3,1.55740464e-2,-5.73378e-5,2.419543e-4,2.2642884e-3,-3.9940472e-3,-2.50258303e-2,1.87052508e-2,0.1017916768,-3.47326078e-2,-0.1862595984,2.65117737e-2,0.1553887034,-6.6147441e-3,-4.79843225e-2,-2.0587e-6,-7.17295e-5,1.687256e-4,1.2109728e-3,-1.7206365e-3,-5.4696829e-3,7.3693714e-3,9.8429127e-3,-1.5596189e-2,-7.5351757e-3,1.56726447e-2,2.0093866e-3,-5.9051734e-3,1.43319e-5,-1.071824e-4,-5.109615e-4,1.8467699e-3,6.1029187e-3,-8.9585025e-3,-2.58305084e-2,1.73852607e-2,4.81485623e-2,-1.42446456e-2,-4.03762397e-2,4.0382262e-3,1.2411823e-2]}
S res.G11 Grid {getGrid = [2.6e-8,-4.166e-7,-2.0154e-6,3.6131e-6,1.94573e-5,-8.4344e-6,-6.05279e-5,6.6688e-6,8.60578e-5,6.198e-7,-5.73379e-5,-2.0587e-6,1.4332e-5,4.846e-7,-7.54e-8,-1.08652e-5,-2.00739e-5,4.38479e-5,1.106607e-4,-1.92706e-5,-2.261679e-4,-1.490564e-4,2.072976e-4,2.419527e-4,-7.173e-5,-1.071819e-4,-3.456e-7,9.2978e-6,7.73345e-5,-8.95369e-5,-7.524715e-4,2.159212e-4,2.4676359e-3,-7.66884e-5,-3.5449304e-3,-2.271634e-4,2.2642969e-3,1.687256e-4,-5.109639e-4,-4.349e-6,1.8796e-6,1.216363e-4,1.839546e-4,-5.93372e-4,-1.2530426e-3,3.332119e-4,3.0239633e-3,2.2920634e-3,-3.1658036e-3,-3.9940179e-3,1.2109797e-3,1.8467583e-3,1.08802e-5,-3.78336e-5,-7.838105e-4,3.900016e-4,7.3961189e-3,-7.600326e-4,-2.48633172e-2,-7.974588e-4,3.71584589e-2,2.9213365e-3,-2.50258996e-2,-1.7206421e-3,6.1029402e-3,1.6363e-5,2.6346e-6,-4.666438e-4,-6.482092e-4,2.5515445e-3,4.5282799e-3,-1.8042969e-3,-1.17962156e-2,-1.0054852e-2,1.33719719e-2,1.87050694e-2,-5.4697065e-3,-8.9584289e-3,-5.59011e-5,4.61047e-5,3.1574565e-3,-2.269986e-4,-2.89323176e-2,-1.6483015e-3,9.73152863e-2,9.7153999e-3,-0.1474324002,-1.52421536e-2,0.1017918871,7.3693817e-3,-2.58305784e-2,-3.10942e-5,-2.42837e-5,8.311782e-4,1.1000701e-3,-5.0023419e-3,-7.072172e-3,4.9980882e-3,1.89377605e-2,1.65772493e-2,-2.27583319e-2,-3.47321714e-2,9.8429471e-3,1.73850819e-2,1.128329e-4,2.42424e-5,-5.8482085e-3,-1.3367516e-3,5.26104621e-2,1.03803513e-2,-0.1759454837,-3.01271085e-2,0.2671650563,3.66388895e-2,-0.1862598654,-1.55961738e-2,4.81486555e-2,2.85351e-5,3.21239e-5,-7.127024e-4,-8.673345e-4,4.7322415e-3,4.8271584e-3,-6.8009506e-3,-1.2892391e-2,-9.5397443e-3,1.64098879e-2,2.65113294e-2,-7.5351983e-3,-1.42444623e-2,-1.010592e-4,-8.41465e-5,5.0013095e-3,2.3451045e-3,-4.44386866e-2,-1.45042649e-2,0.1473847519,3.62084129e-2,-0.2228503651,-3.96292127e-2,0.1553888329,1.56726027e-2,-4.03762874e-2,-1.00697e-5,-1.22319e-5,2.384916e-4,2.489465e-4,-1.7456978e-3,-1.1252404e-3,3.356321e-3,2.9170097e-3,7.46542e-4,-4.0287122e-3,-6.6145824e-3,2.0093921e-3,4.0381592e-3,3.34367e-5,4.27989e-5,-1.6009714e-3,-1.0880783e-3,1.40836597e-2,6.340405e-3,-4.62352425e-2,-1.49652668e-2,6.92903244e-2,1.55739938e-2,-4.79843343e-2,-5.9051516e-3,1.24118283e-2]}
Done.
